-0.0544064113246261, -1.17531251068206, 0.706905106527403, -1.41086629895718, 0.055387121637776
0.368955058457701, 0.973712893094663, 0.677723524236274, -0.241521164066479, 1.623466734858
0.262156384213774, 1.02824429141001, 0.00405143818901143, -1.04677139280608, 1.01027392065293
-0.707812331581669, 1.37260692539903, 0.656993731672737, -0.131556353645017, -0.722530129871723
-0.000743527030384418, -0.832992836357034, 0.687226821331852, 0.246858184118019, 1.17133275901415
0.0343107992293608, -0.404043503732594, -0.306525426791426, 1.28112114178194, -0.831881204935278
0.0153220131790617, 0.16349963754012, -1.21663430041906, -1.1892810129164, -1.27518968473443
-1.59098716629209, 0.149620540192361, 0.778911867534244, 0.288317439142158, -0.882996826150663
-0.995410485020459, 1.18907834938606, -1.90534809935666, 0.147147193853633, 0.932773493290379
-1.35585056900091, 0.112571596399445, -0.418440381763242, 0.613788807662229, -0.179020986188965
-0.522078678656514, -0.708659983123719, -1.74058615812987, -0.214987747540934, 1.39666195846329
-1.29846934617598, 0.0392356476394731, 1.31584407642426, 1.4867423098959, -0.310380793261428
0.533554165938802, 1.27432989697935, -0.488164125266419, 0.446974274211837, 0.184870225126974
0.00040062816565083, -1.34334822308564, -1.48517829592056, -1.11849798134891, -0.561368948955663
-1.31944668123148, 0.286736754099911, 0.0833698454788026, 1.36788867317184, -1.02525284964043
-0.367748316783995, -1.70615677815254, -0.319375315296713, 0.574051124762882, 0.242440467743571
-1.21752882434137, -0.255339029114867, 0.724394261533497, 1.66420169139016, 0.205147200684113
0.494703661245246, -0.202402010190547, 0.191629805048905, -3.16717163323854, -1.32749500832731
-0.0123040663947221, 0.436548849636165, -1.90915966816635, -0.712036354804094, -0.87848588696305
1.05853621578847, -0.75161350623993, -0.74864142456612, 1.65291556923833, -1.10975285118124
0.831655207083892, 0.204719993292631, -1.39437805108041, -0.24405703071615, 1.01359077827863
-0.647898884643457, -0.525133031955568, 0.684305513663139, -0.0151835831869876, -1.04689370513907
-1.2435137799561, 2.31347131064598, 1.02187748244943, -0.644567155556444, 0.363545812084816
0.625230735896893, 0.235766197777385, -1.30842301354966, -0.0923575431727144, -1.56225700200581
0.572745423291047, 0.53144716591738, -0.219270171187836, -0.00288826528664314, 1.20376751585458
0.171372989321956, 0.174740472190873, 1.89313359926227, 0.736536815322856, 0.836805840482932
1.13254957859155, 0.132756648851699, -0.876394451582072, -1.00819540668555, -1.14836149385295
0.19452006742587, 1.22750586859169, -0.0145086502496735, -1.23717881093305, 1.80963690575452
1.39276843671026, -2.48066979865627, 1.03210306426657, 0.787642372635868, 1.29357638110084
0.88101805391606, 1.47291218193001, 1.74451016717112, 0.765695293490829, -2.25637130932857
0.110264625452365, -0.546528322868129, 0.03723595650943, -0.522834884901978, -0.792675280666058
1.58595658134378, 3.21642380784446, 0.731270730265047, 1.08752067511115, 1.18716694769869
-0.855338485269351, 0.0400135503842825, -0.209066661807732, -0.853438731541252, -0.0768338315274591
0.256288031224457, -0.832979631132117, -0.511287555727465, 0.161542720580557, 0.389613248268034
-1.14313474403355, -0.439319141262349, 2.58840069269302, 0.68566706477562, -0.881490524548407
0.888633072999347, 0.68717151413075, 0.864358593858421, 0.00140020477332768, -0.523810237740206
-2.25587145542463, 0.592157485412591, -0.890046505376207, 1.61674102995005, -0.820001809261645
0.382844317563678, 0.675885932903078, 1.21853465828889, -0.156961663864888, 1.31754294684814
-0.490792809692575, -0.34283042487967, -1.66257010149252, -1.62356874251186, -0.320816117311063
-0.442615606605422, 0.961821142581926, 0.755169773257348, -0.229501454093706, -0.805229828458681
-0.882148234630672, 0.833737017769117, 0.461336462351241, -0.245285110856652, -0.604998039701018
1.85346815655014, -1.76529750840216, -1.18520464134879, -0.033729991697426, -1.44763634067141
-0.537887773044317, -0.44828626953693, -0.382417087158351, -1.57051880516951, -0.565038217002469
-1.27286329210256, -1.01534447259036, 0.400384645217745, 1.22633503873929, -1.14800523945968
-0.568630379246387, -0.203200919628311, -0.963032358020166, 1.19786328534719, 2.23117464382153
-0.080619130525169, 0.806347229035963, 0.246310493739508, -0.915755090401, 0.310673780676584
0.832781157026477, 1.47618179522896, 0.693958370151002, 1.58246433439298, 0.0329040988615218
-0.16138939109508, -0.96049763909028, -1.85166337907472, 0.0900376244121874, -1.4330132551028
-0.402076821744225, -0.95577729693932, 0.54331965206463, 1.08162236402075, -0.271485758232011
-1.37558310093314, 0.958868271417452, -0.170812726231984, -0.610686797923478, -0.867305130717045
-1.37507286543755, 0.406298823381098, 0.202967630298559, 0.586825176501821, 0.426005387230985
-0.0479414245951984, 1.29617240434954, -0.961799335073225, 1.29172069883277, 0.588261321624941
-0.544559212594694, 1.10057912992926, 0.0666796981896364, -0.773484516789601, -0.0247772906842222
-1.49722556675361, -0.228575688876228, 0.146689428388365, -2.52335801281864, 0.240838702645879
-0.422757761780907, -0.437787793971341, 1.41924320121218, 1.36764445612811, -0.234306383063667
0.304357228917613, -0.58564124094766, -0.600828409555696, -1.59814426106588, -0.919198589157906
-0.791140549777897, -0.484970165001902, -0.870945905749943, -1.97961155091935, -0.731736511689421
0.502338918565241, -0.636333448780691, 0.0201338286624664, -0.465896360177571, -0.644878405672449
-0.834877198632477, -0.471145135871856, -0.641086734281082, -0.669535370089691, -0.715608318728899
-1.35556757772471, -0.713127310590444, -2.02499517097368, 1.31729378526272, 0.23763004056192
-0.552754794465885, 1.91430468715574, 0.310589061937234, -0.533510533288588, -1.40773622924039
0.561354449102192, -1.30708050579371, 0.258765060304124, 0.953861324176894, 1.27672529239742
-0.0513255822555136, -0.121918775930462, -0.529146840717732, 1.21185930612853, -0.492449149399685
-0.472141618413717, -2.41867140576066, 0.192104986736274, -0.68426708523272, 0.0864096139863802
-0.976475557475343, 1.74352218877938, 1.30986464591716, -0.326107259091682, -0.0861399717168324
-0.957846008064033, 0.515675239124559, 0.503632355372179, 0.0420473070375817, -0.477396704265106
-0.0932697142536155, 0.103363818568886, -0.951441404034578, -1.74563786721474, 1.57428713520022
-2.1133488167446, -0.629251686813986, -0.016896516223064, -0.732609879401618, -0.440884417681032
-1.24556821049241, 0.238470258615793, 1.01201269818406, 0.804684769586652, -1.59186562694248
-0.0172503045152783, -0.635551599457698, -0.455414122201457, -0.537811290818761, 0.60509420109732
0.385159394312365, 1.05901132716532, -1.41418052262753, 0.585574791824749, 1.69314645233133
-0.218632386434834, 0.29260353050949, -0.553218048999557, -0.165507078204773, -0.498953316875317
1.39594577309738, -0.745110695945895, 0.0698265669787672, 0.8016504699816, 1.1730236277172
-0.0661735330302607, -1.58384389822054, 1.73357981406212, 1.02742671293771, -2.60872083947064
-1.48236648157751, -0.40940213359925, 0.469425030321765, 0.304369661235144, -0.498943438725249
0.946626680774481, 1.25121141555406, -0.203015009897502, 0.299968716818986, 0.328035270068554
0.637403772656887, -0.373243058042496, -0.0357455699870638, 1.99932308323774, 0.141952460709281
1.50343352828957, -1.33361190940816, 0.0412400506092459, 0.729229674145154, -0.677378368862092
-0.539259200256944, -1.32483384321833, 1.78530530168076, 0.79073370243826, 0.0873654838716498
-2.79115387006158, -0.127648222440124, 2.0588824192404, -0.722249318777866, -0.0351294409845843
-0.286429845126533, 0.178969392009239, -2.74890882333465, -0.459852622360687, 0.473869967195202
-0.272077299135519, 0.544831187868862, 0.0718138113910293, -0.37814693203295, 0.487958236204458
0.469812773911106, 0.0261974560678706, 0.330015695648343, -1.23130394044027, -1.18945903715238
0.197606664502193, 1.24359667250118, -1.7612250404422, -0.0632093692029815, -0.913371996093443
-0.256391230206363, -0.0600440898405513, 0.457519671262442, 0.428062299330444, -0.328952280456481
-0.190005035907952, 0.897521087729996, -0.527971949798481, 1.54419957644315, -0.807291164128006
-0.750304503459594, -1.12627412208185, 0.583760778834256, 0.65173347751955, 1.01226627887507
0.868735961925197, -0.276562522711316, 0.380828536896968, -0.148679562122233, 1.33495784597697
1.66130115094411, -1.25733294959737, 0.366242901540502, 0.637623629449896, 0.915297539429405
1.31304825907496, -0.415231960045056, 2.13399828283341, -0.813347157150857, -0.831924847626437
1.10826693304721, 0.326567304737198, -0.922574422682163, 0.690831290395726, -0.0655930451808
0.691863894713809, -1.07118906027356, -1.48444841223532, -1.46992915196948, 0.06016499645981
1.03957230348557, 0.969290760510294, -1.27243172715572, -0.131988721192605, 0.30021520126518
-0.99301224871579, 1.26906233357018, 1.06807516131748, -1.19835230116769, 0.744676666419756
-0.653359430602551, -0.253562168089906, 1.47777616784015, -0.574367396694177, -0.283271217631696
-0.467558894442072, -0.69284103809827, 0.10359821546596, -1.61609964774104, 0.0936528069367882
-0.843057204335742, -1.7643708027708, 0.704787059787994, -0.891675708808779, -0.667187081491882
0.21181307969295, 0.226043379103191, 1.90433570732748, 0.887462272212293, -0.401085343746759
-0.811514292503728, 2.00190708373189, -1.1247585760775, -1.89611042441012, 0.567994920726379
0.748645763235742, 0.569406043261103, 1.02487197360846, -1.68014954732698, 1.51917149863577
-0.184520266851022, 0.758081376033648, -0.635808021249923, 0.470545987301882, 0.0734397147109468
0.793594538497306, 1.73141296097398, -0.67158078756028, 0.0565222621397484, -0.0396325377579288
1.51487564445525, 1.39916705528744, -0.294519549153238, -0.654887103909846, -1.08476686960591
-0.431369804315506, 0.676442203751279, 0.638851085174102, -0.0425615653338228, -1.1925175342117
0.694789415907613, -1.53872994734982, 0.50060210642259, 0.722102671235281, 1.4695681939116
-0.861516397693685, 0.583250797104025, -0.249398647265346, -0.111234198651664, -0.191304530160333
-0.164379342370165, -0.71721307908778, 1.39835663210726, 0.951291542779858, 1.41096333257713
0.908493550596337, -0.403648132830553, -1.14030541894103, 0.986800369562677, -1.27815720936135
-1.19776837500563, -0.129028163304176, 2.89710703285571, 0.43315857405379, -0.304753162424578
0.747987813767125, -0.48016362442268, 0.447229658134824, -0.87115462216013, -0.731497162404449
-0.0396213175190071, -0.472959130258346, 1.13675052387184, -0.957000835213147, 0.00374750678669002
0.286982803921058, -0.98284194374304, 0.136744180142248, 1.09540712808859, -0.574053200171666
1.1295131365577, 0.740991181955515, -0.555634831328424, -0.0225733130407443, 1.57052877296118
0.0729806868734216, -0.0264879420055055, -0.0377135033325938, -2.30997971137328, -0.0620416989372303
-0.448337393967124, 0.664771875400114, -1.20646111185183, 0.940405434665428, 0.307740510535212
0.208294254409626, 0.778073458648126, 1.28756935532362, 1.25480312408478, -0.418507304664426
0.150830575399264, 0.35588686634737, -1.0530280000156, 0.986475001884014, 0.410639286048596
-0.0730843236925252, -1.12715296704256, -1.64271100647906, 0.902448280014922, -0.652665459358546
-1.14313132479167, -0.439456917863439, 1.0240518822738, -1.57920946548185, 0.640184583658925
0.419734335083691, 0.392690282595169, 0.535030797839011, 0.529314974305513, 0.613038810644289
0.601788438088445, -0.163841281853466, -0.529894675145327, 0.555450783494103, 0.570513106635669
-0.875835439295147, -0.479563100512483, 0.509002319711767, 0.439933615362716, -0.91644442270704
1.70621712598987, -1.23306726852411, -0.781851396964038, 1.24196509364832, -1.25943905172293
0.00805627726089064, -1.39987233840974, -0.2552079296175, 0.917383033614901, -0.26824632641913
-0.763473781820289, -2.09985642381025, 0.688673157418678, 0.183623658718099, 2.08120272860232
-1.97142555034153, -0.0204721999522563, 0.705824289753441, 0.131439801864642, 0.390460213452979
0.993869558409992, 0.708699007717702, 0.430611111299112, -1.20998899853908, 1.12575907738513
-1.54163629704643, 0.261897824702161, -0.76614559820016, -0.379283977273629, 0.767231466401568
0.750772500787896, -0.0582187900683077, -0.380774827734585, 1.17568825502145, -0.223605704149818
-0.487875604515341, -1.53994637399231, -1.67113189655012, 1.85847586515148, -1.0480465227608
-2.64096743344389, -0.309098777001446, -0.158396867965903, -1.41796088036239, -1.63779716966076
-1.16612559413522, 0.098576539650014, -0.373375003185666, -0.642021994617675, 0.862382275557296
-0.790221555210193, -1.29740222304908, 0.564261166638363, -0.742279234973667, 1.63851836790917
0.265006971630903, -0.456912917473512, 0.20734350424995, 0.0147456289093373, -1.24741810197139
-0.288854290590169, 0.246500826529085, -0.304585528764821, 1.75206085517485, -0.905895716980777
-2.02314420475945, -1.48504816635651, 1.45283993929871, 2.46298386854414, 0.235234763974233
-0.206279699331714, -2.53997192705854, -0.951644240279678, 1.52093122039008, -0.950760422368273
-0.557416048675815, 1.01217713023363, 1.33666627046749, -2.52342286754867, 1.08051291221763
-0.107611849912188, 0.759303091829631, 0.0781267059152802, 1.07170911713932, -0.149440443512558
-0.207047127115893, 0.990153724633785, -0.704644358296456, -0.0115597424386863, -0.240040169571915
0.392695939168562, -0.0952920445743728, 0.415012696868579, -0.979802786175866, 0.0605184533095358
-1.0789067798282, -0.092877032492221, -0.231684460681286, -0.230644951358485, 0.246937671487738
1.29295547649176, 1.492110227388, 1.43229487346803, -0.928760163032349, -0.171968513479415
-0.02998869969012, 0.995429333934344, 0.736659618521359, 1.37802239001742, 0.580579726305771
1.60922243891845, 1.03269966267097, 0.885969562134098, 0.515366372681597, 0.647548900593468
0.949721654844469, -0.824528552361287, 1.47867317623803, -1.28801774323237, 0.669546091281374
1.78632040693941, 0.974249123154848, 0.0992325780962711, 0.593860637488633, 0.36952144532701
-0.381486366759071, -0.787778586102603, 1.32033279093263, -0.930136541321293, -0.361072134093056
-1.12089937438799, 0.286388727522183, -1.43062889328593, -0.798235825167725, -1.90764415185371
-0.166313166082695, -1.6309493229497, 1.39263901896929, -0.546637215186396, 0.151547771389881
-0.499304229442971, 0.601877029870163, 0.460824380736122, 0.284991334321479, -1.36187674569032
-0.948373204222308, 0.28439881426812, -0.36797704055969, -0.423164941459267, 0.103778959761787
-1.13210530357867, -0.555097078988072, 1.2795916640412, 0.0431907839603462, -0.574964805048505
-0.538121345403185, -1.18057924345248, 0.195576939136145, 1.24442973032651, 0.536907581545736
0.54063858706282, -0.0313221506471629, 0.696010295461591, 1.17766697118857, 1.72901598934733
0.718059641968269, -0.0963719315279898, 0.308579009221282, -0.283543363108285, -0.0050113643172299
-1.92792050224033, -0.994465969287143, 0.600845128670754, -1.18368266110775, -1.02647930599292
0.0442617040028791, -1.3180565918027, 0.62895474690256, 0.0901519673921914, -0.470862731423027
0.148315806322293, -0.36142749517025, 0.227754078826233, -0.190921767660995, -1.49588198129181
1.47480236539544, 0.0644221711545131, -0.582887838631731, 0.518449081148854, -1.35751064783108
0.967132356531499, -0.0855541863216199, -0.268902384030232, 1.5928538024803, -0.494235398636237
0.872824742333397, -2.48909929091014, -1.86426819052239, 0.213482694404451, 0.462712748425371
2.22561311759771, 1.06632243715442, -1.47649624384254, -0.611286751818749, 0.405751697164027
0.799454311256678, 0.580111980824176, -0.82695792269408, 0.932190586940358, -0.672759722649467
1.07418785919095, -2.0804959413311, -0.34347912131459, 0.814540546598963, 0.277631992093987
0.593691731058653, -0.355196264455199, -0.642398313332422, 0.919859141680943, 0.869781943276645
-0.383540436778371, -0.247667790783285, 0.194973813746468, -1.02316356688746, 0.842809912996763
0.690899846030241, -0.878518342729137, 0.627954252353463, 0.305460012004305, 0.706326577683427
-0.89452592536157, -0.893530703441568, -0.2227439076023, -1.80396186900294, -0.870268271443268
1.11547927473791, -0.240158656624863, -1.60075679239472, 0.431079706053858, 1.39112412397622
-0.887175894092688, 0.626786046372243, 0.207061716786463, 0.125252010054601, 1.1739571658272
2.08666598404675, -0.0129379409080425, -0.898504400421805, -0.410634524333109, 0.922904654558615
-2.31208977264218, 0.642983150190005, -0.300933973860287, -0.721477723695045, 1.71289399681036
-0.747312996277009, -0.120051583062877, -0.0632718331864959, -0.774267076055142, 0.350517061026475
-1.17705084977118, -0.286464219194001, -1.43671305862465, 0.787505478099947, 1.06465151451764
-0.0639090926940173, -0.519572759790838, -1.3275298733376, 0.54889666455279, -1.51371439694874
-1.14506386486592, 0.776449757085429, 0.56350673862861, -0.662899010866725, 0.731182139548707
-1.29280782877258, 0.784619824337496, -1.90559861131055, -0.967277085466372, 0.497370700454538
0.122467741552046, 0.589036433949108, -0.265070994470613, 0.918944397002564, -0.799251768950752
-1.8475948064116, -0.401393870782406, -2.70631687323594, -0.0106827066182978, 1.16452860567219
1.23518202717977, -0.717031950944669, 1.57342892041022, -0.775248877714313, 0.836332948664332
-0.850230241557234, 1.30674934148613, 0.0996074888610363, -0.00335885567392158, -0.548992752907544
0.836729358363356, 1.90271630080364, -1.51495852023743, 0.811400171399222, 0.78701696872261
-1.10872594519254, -1.93048307693855, -1.06055903890285, -0.0451372118583591, -0.588723333321282
0.190258100619339, -0.65927347748516, 0.435725899868052, -1.04016499050867, -0.0386955948069332
0.129952143469941, -0.683700365106237, 1.14848617981173, 1.24503852208048, -0.00176375455363495
0.248868824553546, -1.47601024429872, 0.181707302382627, 1.19848094111171, 0.181101808715878
-0.0520446668053196, 0.781941013172703, 1.01595706473838, -1.73823484159503, 0.49539379417333
-0.524942109714087, -0.88966356943501, 0.223696877354177, 0.528114560732932, 2.01251183908773
-0.0268154298921386, 0.322548989325549, 0.963000046414863, -0.036965450743936, -0.148218855201924
-1.19878846544511, -1.29949444042961, 0.375659716393951, -0.719068422123475, 0.179516501343597
0.555285854447023, -0.882678735184012, 0.368672298800422, -0.0515213311664011, -1.9134074926974
-1.25915841197692, -0.724267746517518, 0.203739281041172, 2.04282177842245, -0.676614846004511
0.943030542800784, -1.05691252840232, -0.373152599848599, -0.221987720075485, 1.39083042085101
0.797132291035699, 1.54952427758747, 0.607289771435421, -0.74452260276249, 0.775794029295363
0.597654739967089, -1.3529793784939, 0.691833340810578, -0.521509417358351, 0.213743903677577
1.00258091276539, -1.20560511079564, -0.16821575722115, 0.518571381098303, -0.205324084692006
-0.80284083237519, -0.516972985729242, 0.866888806020341, 0.846996429719721, 0.493096042414718
0.913837884708327, -0.501893379717255, -0.223778910833134, -1.68089569102871, -1.0648244082444
1.28408720887255, 1.06853578793665, -2.17574422687414, 0.525821356500777, 0.721501780464106
0.329846584742227, 0.972832220407016, 0.335977705607373, -0.778816155372188, 0.749447933700395
-0.0145224771254013, -0.534324042992666, -1.51345671863652, -1.84155924024252, 0.713548703293916
-0.51476089528156, -0.785207324796842, -0.834293492699216, 2.32268403705301, 0.335708904285416
-1.03088595217988, 0.826468443771004, -0.213897962867951, -1.16458839139062, 0.761445182937861
0.0231938648747514, 1.13076130806923, -2.19193380141494, 0.699722324953593, -1.2705519500933
0.835016458662637, -0.127756941060171, -1.3785073804439, 0.244998990508655, -0.12140632198153
-0.711022323027772, -0.382076349106107, -0.197599891186274, 0.460042115181992, 2.47791770853879
0.770797017034489, -0.0774127725379173, 1.78379886119965, -1.35997036333743, -1.34830016506681
0.85581415715896, 1.04185437123411, -2.33732666921571, -0.234269198162699, -0.219528828458662
-0.523447970745163, 1.52643078054607, -0.837917816404832, -0.714645053227589, -0.219861970282525
-0.465345395279916, -0.3574471534249, -0.321822730843034, 0.103157738289019, -0.4564785969967
1.32960468846752, 0.0517372193642551, 0.864682247525246, 1.28822015370917, 1.68516037235521
-0.269797540175647, -0.278735650689114, 0.203672017258929, -0.0183722488909869, 0.81924000184623
-0.256630044899507, 0.639892858202717, 1.99610323270967, 0.335812733578545, 1.66211553235983
-0.173162740662264, 0.188362558557195, -0.27204867446197, -1.19326457041073, 0.496033984383123
-1.58763473385578, 1.06128387412671, -0.7831923697196, -0.276921924355721, 0.62456514250105
0.0121846348898074, 0.269050723161816, 1.27164847161051, -0.426657651364992, -0.7878554574652
-1.4015528101605, 2.17119486934959, -0.148226357243602, 0.600972993784011, 0.550697750690086
-0.274662555519401, 0.987922629441717, 1.49928461273625, 0.85938086611951, -1.14963162725011
0.470720446197032, 0.161798466953749, -1.36404657281066, 0.85594532111419, -0.480608842388998
-1.45529224873576, -1.30809967226745, -1.18774324183906, 0.121906610160148, -0.44660917596927
-0.00354218021449287, -0.641464224469338, 1.44830999737948, -0.489701230903428, 1.88206005883633
-1.35539316973004, -1.38498436951976, 1.21042501200553, -0.556076559300487, -0.0389786135533409
0.885203046789932, -0.227176401832808, -0.721325761688799, 0.405975649713424, 0.423248701436228
-1.2788352132729, -0.268575738645965, 0.290292734579356, -1.56158235814381, 0.0534350321328179
-1.01435614831307, 0.371937232653473, -0.0466641579305441, -0.0404922303606054, 0.559400345363133
1.14041705943357, -0.503742031254781, 0.103847871606632, 0.000936963915047701, 0.956610954768954
-0.344925659392492, -1.415425271522, -0.675814214377364, -0.206170179568216, 1.48814661710879
-0.950253415228154, -0.47897211308515, -0.437659840026875, -1.26954389357001, 1.0395081294622
-1.3625220265234, 0.41806726892431, 0.500441877660018, 0.435266501486542, -0.559555900202872
-0.605482435238746, 0.443440086444303, -0.961994929308454, -0.853041957573328, -2.13757708622335
-1.72447550469065, 1.62815555613337, 0.944986046981833, -0.470860619621935, 0.0557538715522234
0.235097927804755, 0.585704834816024, -1.64105128762418, -1.54474471207984, 0.500667718463117
-0.318379390207088, -0.319097337004711, 0.281438802266239, -0.812757654965691, 0.877939713960489
-1.09331325197184, 0.590958584487067, 1.55918390432644, 0.461884859603428, 1.47315664282201
1.83093129967665, -2.23858658447137, -0.566041798512482, -0.00963665874839575, 0.304214095755575
-0.472339331609376, 1.36644035561347, -1.0024818925532, 2.06916912060542, -0.546971542290005
0.0624903592718254, -1.47517544444277, -1.7647925722239, -0.0341629381786118, 0.185811768760499
0.910198791941443, -0.0417000891399959, 0.570190173501298, 0.869412921600508, -0.926410072060542
0.410593492146548, -1.1609711614124, 0.390262145943191, -1.18096533883751, 1.42555399915547
0.0265563292173125, 0.0152735372811147, 0.625425659396573, 0.953127170392292, 0.328683413485697
-1.28658129639599, -1.08369470348368, -0.0695539894893794, 0.45130277566456, 1.56346786814608
0.404354202927616, 1.48831651474318, 2.73370444620115, -2.1681320406507, -0.422180096336282
-0.141438801165708, 0.274827266215215, 2.10266680938467, 0.233153679029706, -0.199081633829025
-0.784293131613635, -0.191284620510472, 0.714227153265217, 0.551448699293139, 0.223070689635812
0.960077681246828, 0.183193360024798, 0.603251968059473, -0.865725527845584, 2.09283569620957
-2.32753601198588, 0.533548513353001, -1.14291364349904, -1.32844810015757, -0.654229400334038
-0.117601925381166, 0.843503498786368, 0.834004304234045, 0.465619533538491, 0.963412151456453
-0.281036343037125, 0.904073850383118, -1.68805440070881, -0.523063755856646, -0.580061440657657
-0.732368591824238, -0.486545996797935, -0.796049767154175, -1.05339387583814, -0.299764966598971
-1.49750967943065, -0.0630409865722812, -0.372906032245551, -0.746310220927128, 1.37092432206912
-1.08793798989928, -1.3722602567791, 0.138513748120361, -0.187785033147485, 0.220963800213619
1.65696551396339, -0.50536259037759, -0.251106819985722, 0.600962068659303, 1.04487361035895
-1.32671389008402, 0.607847839314816, 0.705903844004258, -1.09108536044122, -0.557533266023452
0.693974171429609, 0.0223137376133829, -1.04734865337843, 0.749435181334614, -0.0601389425587985
-1.47233288036777, -0.133733374845268, 0.186208091603486, 0.0655920206709838, 0.799351130366548
-1.4521446875409, -0.0449424221797033, 0.00639414093454801, -0.922023087038133, -0.469593861339873
-1.969935004804, -1.0773916887966, 1.645777251124, -0.765048476062271, 0.398884487464205
-0.375930887108716, 1.92430058153121, 0.621882873295785, -0.23971428659731, -0.0308765874933495
0.878144453229208, 0.85931206777026, 2.3877399551758, -0.516309850959673, -0.594767361538064
1.74633379446871, -0.450675391271517, 0.0838176383723173, -0.741931137452392, -0.42389106265439
-0.552046184193684, -0.395230454374479, -1.08397892493457, 0.582446992162, 0.207857256522286
-0.575497322337185, -0.38699842565186, 0.497956028017919, 1.17219676347722, 1.40361065419635
0.785822424198961, -0.0926276590260182, 0.126449975922085, -0.650552579670326, -0.600878793798104
0.219065289427757, -0.0107538566019018, 0.434766527554453, 1.98628214125122, 0.235102658983327
-0.696062861191083, -0.362806370629662, -0.368347152510681, 0.270877290949836, -0.126660844941167
0.137200650452763, -1.20981364996831, 2.49465035612416, 0.296435295101622, -0.169352224994217
1.88322278049123, 0.260417590377484, -1.09836592523055, -0.4293864620857, -0.840461845695892
0.240141331052083, -0.765207855888625, -0.0289965440581382, -1.63569686876227, 0.610356914199586
0.609278136011291, 0.0956260177510495, 0.114358716487731, -2.09275383297732, -1.37939736407572
0.330614502228317, 0.0203637186840297, 0.394693922572953, 0.498162997262102, -0.26700012734143
-0.775244754311241, 1.21582743208743, -1.6130809201016, -1.0803635954219, 1.26375680343939
0.708960532900104, 0.200547818766325, -1.53460040719224, -2.08040400366883, 1.56507609744985
1.52855325033572, -0.315673158740969, -0.44563473095461, 0.827455981493251, 0.563270107085089
-0.737381396330589, -0.789821239228347, 0.144808283394506, -0.569556137337118, -1.32460646324137
1.17624709298498, 0.816732031208966, 1.1002960374821, 0.240195961364714, 0.944023268853856
-1.09423672514909, 0.378576531830089, -0.219731647274192, -1.04191904838074, 0.0565757240746455
0.786855706868507, 1.34244996594806, -0.587781499769182, 0.0225594294607834, -0.0971450798402342
0.728664439108816, -0.90982785756771, 0.152413935172019, -1.58225672471234, -0.246148581575904
1.46920327095383, 0.0745289010488662, 0.0876730020657667, -0.418858782100769, 0.947859434704703
0.0685734721085098, -0.263822854447814, 1.50367544766474, -1.21409253244994, -1.75090406181077
0.637611627980713, 1.11306019597079, 0.828328583304043, -0.47969398855622, 0.178768102417302
-0.370060064384378, 1.40274083650827, 2.41092434603392, 1.85454725176118, -0.824341999634579
0.0508597040075936, -0.241693388931866, -1.07422118101572, -0.0861655995757415, 0.960163284207623
-0.008163507601035, -0.480685558927509, -0.554195672171529, -1.65365508827208, 0.284767448583872
1.19481318275208, -0.206303634146048, 2.19890426486135, 1.05065027678378, -1.81631452006976
0.720075823839041, -0.325838962841781, -1.25045452318491, 0.484649985171263, -0.687673920314313
-0.667628984458564, -0.915604898399619, -1.78458685790261, 2.06526398705686, -2.420764921784
0.148156938892766, -0.250695235117695, -1.35189333156528, -1.16010554536516, -0.490727631261986
-0.933002206704074, 1.19070135107959, 0.107905578905711, -1.6357136469491, 0.812309250226853
0.732045043852896, -0.803190943258326, 0.814199439038907, 0.602840146093225, -1.80181115129008
-1.21608572750262, 1.13632852890744, -1.0233452914786, -0.57221763596637, -1.86196416165785
0.223204844846388, 0.0876728660661394, 1.01351873610182, -0.532565252070246, 0.456841627603809
1.4768063157181, 1.0094986329151, -1.87084046506929, -0.666266358974009, -0.586625488406035
2.39984407997695, 0.136504236121174, -1.54371558391889, 0.336750058174453, -1.32444392357429
-1.06572702147287, 0.341278165923047, 0.95167672633974, -1.7551687609524, -0.102788199112219
1.86678864095423, 0.0941033127816945, 0.0612851611586648, 0.719931649893087, 0.445434963033118
-0.922700645333478, -0.876593221698806, -1.2694996641626, 0.694820407958513, -0.288597010330527
0.234672572931488, 0.0608408349147268, -0.815348565035218, 0.587373279873911, 0.071703006480307
-0.0203715595022782, 0.815565626452521, 0.399165446218891, 0.513725055465243, 0.816063566821298
0.622140655836158, 0.119593275375962, 0.669466505915798, -2.82563024916623, 1.29841787507224
0.440859012211079, 0.327811418789762, 0.71436814923667, 0.772934273956144, 1.15347844841046
-0.857248414142807, 0.69930160781629, -2.3425261406297, -0.286082738855183, 0.492937448863173
-0.954431780762155, 1.8912228541923, 0.983636607403519, -0.0533745983554218, 0.312754863632188
-1.18960430491816, -1.04772172907503, 0.618554800744235, 0.552264678518461, 0.688067209763163
0.0249566905610021, 0.329775495889311, -0.704546233261141, -1.15628841443237, -0.284769402792392
2.09773707870174, 0.168495722691003, 0.237942073218246, 0.375317229296752, 1.45630154807023
0.719687943016545, -1.09092760394888, 0.879411867773163, -1.31920536669783, -0.478130883539157
-0.0423001179895816, -0.02782221179162, 0.678099839913949, -0.336882693324379, 1.89420146049384
-0.230111276471733, 0.43880146072775, 1.47574109600789, -0.481062352181424, -0.153573480195204
0.304263420180651, -1.29752077476814, 0.619997348601676, 2.33020862690764, 0.590722255740551
1.04907979745721, -0.429911704560845, -0.179001558729783, 0.350983955991231, 1.23430459876994
-1.62908949097943, -0.948105928906362, -1.29161668519593, 0.722711015143309, -0.226204812979924
-0.433310077693293, 1.02113288028873, 0.352471689980915, 0.554686921932116, -0.549076728221947
-0.683614388591463, -1.76911190723507, 0.389725438388762, 0.839395713419689, 0.229522485229609
-0.587869855113564, 1.19530466626556, -0.243357427957858, 0.00665780872909724, -0.595488825943137
0.427521282015293, 0.595259078201733, 0.824784885829378, -0.350413149289035, 1.24843773836037
0.363714792857429, 1.68660918441836, -1.26905865742868, 1.24212255609988, -1.44680303201666
0.954924776118579, 0.373749475145851, 0.208999935249176, -0.545200471665812, 0.651193868272156
0.405571812722873, -1.00000958772288, -0.225994772050718, 0.918440999563791, -0.816424387437458
1.68317726471023, -1.06695982584849, 0.84168451654933, 0.572478203531218, -0.610217466133236
1.56313486046243, 0.713536129516182, 1.49950107706162, -1.38514357614242, 1.28697856758307
-0.088647321006799, 1.48776076157502, -1.02830534925509, -1.65392401918419, -0.535464400005113
1.26066794153968, 2.37722946305304, -1.14054451358796, 0.147761173791337, 1.17340289514376
-0.39773863528322, -1.30742980035061, -0.549417709599956, 0.202174845684501, -1.43311364745477
0.0516398008037734, -0.696919316156162, -0.191781027713025, 0.219640038960168, -0.716162371842199
-0.834220505387792, -0.551885200062019, -0.961174031141146, 2.09458602264976, 0.754565289782276
1.18529828168626, -0.714935490371401, 0.00389991275271931, -0.0212589549403632, 0.68884724173186
0.440966230411571, -1.07544911018113, 0.798156438218308, 0.762358779631498, -0.325064273465291
-0.635658763724753, -1.72585464084291, -1.91704808732248, 0.347004679145582, -0.310566095948931
1.9951136762339, -0.431131030063931, -0.185370183622591, -0.139026087024237, -0.862472779329565
0.257481472288634, -0.675630720581679, 1.65012268224684, 1.90626661703143, -1.21486979141409
0.980738444156026, 0.575712472061382, -2.38862060237413, 0.243296831774266, -0.748543982281209
-0.0862201453522911, 0.382639361830011, 0.534730958017254, -0.618579197055608, 0.334539551819342
0.363753208356512, 0.24530364304386, 1.13612272392057, 1.93018715116652, -1.11030562507351
-0.260450654664489, -1.11130657797445, 0.813435368880255, 1.11750694925566, -0.415826141597677
0.574712967133135, -1.1335810149907, 0.183407993258528, 0.485373220997552, 0.0709099336444465
-0.760114908036019, 0.481273698403447, 0.241197049741202, -0.880100401696706, 0.0387685800385357
0.904874725995089, -0.136647602816266, -0.468327471860161, -0.735728231872154, -0.0885630526418295
0.56871907690068, 1.13729299777399, 2.41722575160196, -0.497830208586979, 0.886878466341832
-0.303600843604657, -0.732608604820653, -1.5747824420971, 0.6608741542558, 0.0561113859077926
-0.0186928174332639, -1.41432092815838, -0.183041130208688, 0.611136334053721, 0.509283530359471
2.26986683465708, 0.560671369169498, -0.194269351506566, -1.41975223707307, -1.91545719673643
-1.4146232351065, -1.27950922737735, -0.134728434140999, -1.54389654449147, 1.14813320746758
-1.53493015248571, -1.62783974170713, 0.160472848592005, 2.05417383579551, 0.86958809283335
0.176988501266831, -1.42737678554275, -0.264211257689818, 0.0674552362317876, 0.124875423655197
2.11356918816919, 1.99524889626304, -0.461411137365099, -0.188972052150817, -0.880543332315611
-0.155591053585654, 0.804464504898367, -0.166395584541582, -0.718728638965806, 1.38719991211276
1.36995843602021, 0.832553645205018, 0.196274846881168, 0.519827288738192, 1.31955125541074
-0.72374874001734, 0.803182965241378, 0.289115471286317, 0.151762081645572, 0.636711376714038
2.20947953312416, -2.74507176159603, 0.801664039013103, -1.55754164285533, -1.37797662955048
-0.527855686088328, -0.951445577814862, -0.807093956798105, -1.45791873972107, 1.15622072598313
0.532036778299213, 1.50981913454439, 0.58920745610972, -0.275012940502481, 0.0147264519726202
0.996927626718434, -1.05666382187405, 1.24490455786446, -1.77633016131882, 0.910115730711014
0.827634774775934, 0.481861571785775, -0.674166321004352, 0.233313837634434, -1.80751276561622
0.378785438322272, 1.00356344398823, -3.59993368617098, 0.518805870798139, -1.72098627984288
0.179870345275615, 1.43798834018, -0.63014866460862, -0.928580745546219, -0.386041691009098
-1.50043878645365, -0.765773691099253, 1.30895163362955, 0.907747126910364, -0.11059266358552
-0.566934924800862, -0.668850457426436, -0.800065699143887, -0.203618000236546, -0.149200696967561
-1.15764560946697, 0.354609010659717, -1.14038044173033, -0.458794249883092, 2.72561820216862
-0.948222936961351, -0.334201124637512, 0.841651666131377, 1.75814205421887, -0.647605096845188
2.08965451735734, 0.597327352848608, 0.0333040773164648, 0.827500083167566, -0.331715432079276
0.610531947926867, -0.380735428573334, 1.15879083755688, 1.75110114913885, 0.745866421482991
-0.0568008004005668, -0.395544004216097, -0.0165720456871837, -0.104525571184555, 1.00169440804833
0.649222140786232, -0.210859897264592, -0.0925192891204142, -0.932143594926463, 0.303962135648308
-1.45208365564091, -0.811303778865105, 0.781468056267514, 0.622335206025038, 0.377603726797122
1.12296179116861, -0.0492114264393446, 0.458979953675431, -0.103170932592715, -1.61622914464254
0.157630283567011, 1.4176067739879, -1.18561756474305, -0.49111198460638, 1.43770467505788
-0.490572178308963, -1.12429716486113, 0.909793493994843, 0.173563610079635, 1.30313400488553
0.190781315033418, 0.268367844667706, 2.02470475220495, 0.1470561715402, -0.552528592375521
-0.282925057053046, -0.0461035650239945, -0.769730773006268, -2.13720389591385, -1.67249370842889
-1.21845492307027, 0.359796779054502, -0.0354438960606601, -0.285856650249655, 2.33155692355185
-0.76389129786801, 0.136124461981309, -0.455327592680916, 1.34637366902615, -0.774840470792516
0.141928965542803, -0.201287010123807, 0.0613898787064508, 0.213559023876479, -0.756091700290368
-0.855259533051623, -0.701271423898919, 0.0930914316381701, -0.432289897228204, -0.166438752010929
0.0301073725335996, 1.17814595803591, 1.17388062514745, 2.09564053196498, -0.23693668255598
1.13452878103238, -0.646640179619628, 0.38893715290159, -0.782581979234565, -0.762885692805847
-1.11496233121741, -0.191717231966816, -0.680921874690935, -0.971244035756687, 1.79027091129268
-0.161291787334861, -1.30484353334519, 0.995694272788885, 1.39398702481222, 1.02534641136954
-0.5488391623076, 1.64800965408114, 0.477720830074325, -0.638147910075242, -1.12069470860922
1.72161159379858, -0.711988106617696, -0.411692340097982, 0.12197664413288, 0.0470639701561001
1.88144263504602, -0.979965920471412, -0.499231983418229, -0.0516923111675505, 0.370232852130447
-0.579217600497994, 0.277287553308507, -1.78248408841802, -1.80502456934909, 0.148085168450812
-1.75205435675312, 1.77993182241993, 1.11739686432251, 0.526366259836794, -0.714595292357478
-0.355652729594661, 0.464150726555716, 0.206552896373715, -1.21801994327606, 2.06927008575728
0.632401815599416, 2.19342934504678, -1.34903461989339, -0.0274783781866194, -0.813995572794977
-0.400965658879074, 0.132344491856427, -0.108984544904789, -1.46854953515921, 1.10682035877293
-1.72533034392122, -0.385094661092647, 0.0563493118135016, -0.932255689917571, 0.29530870012839
-1.46913674871228, 0.254180976513586, 1.21370714955777, 0.0604817902681579, 1.31454478525588
-1.81509426651771, 2.36800212887071, -0.690064792332838, 1.27001870636565, 0.873475476581195
-1.14431917022959, 0.812052908120712, -0.636360196167055, 1.75869251337349, -0.323150879897555
0.419729266623187, -1.99344014267277, -0.130328542886009, -0.00812836903991642, 0.695427559025568
1.17095620719829, -0.963843716808873, 0.237143441673572, 1.52473639583466, -0.0946048500123886
-0.413256815317049, 0.90774769650417, 0.966426417479152, -0.902067139003527, 0.562179119007635
0.868327677260052, 0.0928495323352572, 0.153968229849129, -1.54679638946475, -0.143403561420143
0.272835830128348, -0.990616398779337, -0.553813245377992, -0.059470999579103, -0.31602198994499
1.63131183778033, -0.0220269467803015, -0.695531557874934, 0.554805466867305, 0.665881185590806
-0.129687092011299, -1.447320568199, -0.934547524198302, -0.746813648792561, -0.410755014303795
-0.726406831486302, 0.172277929105262, 0.618623777829871, 0.851176028260407, -0.992117973510626
0.527105287016303, -2.56007131439106, -2.56393352045959, -1.4785086983537, 0.59310231031191
-0.944706272117155, 0.235419409307906, 1.18199753211031, 2.20017647677593, 1.20303385143859
-0.352761955005963, -1.16525257359772, -0.901782458974072, -0.050743251396566, 2.32484446073417
0.150856149743862, 0.738766620447085, -0.874152247137266, -0.730889959295534, 0.053912929601483
0.506043482644438, -1.14440321767727, 0.401029343579676, -0.630094008438279, 0.0374981774721379
1.13796753212711, 0.234650184534908, 0.592116396887748, 0.377129705247349, 0.991756185543139
1.92583237439008, 0.507770676323811, -0.663989494242116, 0.304746606723359, -0.750170628394977
1.33563286004832, -0.615733358188453, 0.721124955300388, -0.0869886681006106, -2.4507278969869
0.00788305281262317, -0.776575565170442, -0.591672954741627, -0.854956291418378, 0.571017209946346
-0.732212878260068, 1.78286662637781, -1.67599488173036, 0.00899456051010385, -0.139187201839286
-0.899709739369873, 0.464673781527056, -1.1611231639001, 0.211509577269345, 0.930141430836138
0.837456518208324, -2.81313288498744, 0.317404685181134, 0.0210029245377596, -0.47968741869089
-1.08034246412667, -0.700200007077465, 0.543540007730047, 0.735815403321427, 0.943279110057913
1.30008354719317, -0.238631334425027, -0.0297018039943013, 0.0587881559461522, 0.228705077406224
0.795424175024189, 0.482636707413449, 0.898276773412573, 0.866109930999523, 0.200495126628624
1.37770036743021, -0.0181775757876107, 0.214530981865059, 0.123596781758978, 0.0431241373314918
1.13345072631157, -0.492680421234, -0.247673342978657, 0.324639866084419, -0.0767387466918225
-0.813494211532951, 0.661497895532402, 0.00970448873051289, -0.548304830666334, 0.242561225659809
0.917997776603677, 1.07454640463799, -0.417421123916988, 1.33930618948927, 1.23089626829005
-0.152080382238934, -0.173687372368756, -1.17270165422558, -1.37012825519208, -1.56707837351812
0.0453619869969648, 0.217619257220271, 0.499380889127892, 0.513593878304111, -1.28037733827195
0.418346000608262, 0.5407456747503, -2.30866823891021, -0.0804250719489993, 1.18622649018945
0.0908514074538634, 1.28645844074797, -0.957257944475887, 0.398952699009878, -1.33512855688835
0.945361827955621, 0.0559013283891666, -1.03088258783512, 0.571555329216956, -0.651169122573343
0.90176629505419, 0.505421078401897, -0.917130126040487, -1.84144448405971, 1.18309980136488
0.101979233389298, -3.63647441774035, -0.593772685886597, 1.28291697391532, 0.112612898425326
-1.13787068469135, -0.260347029193006, 1.34090700927392, -1.08465606706522, 1.27929052695972
-0.011950460762111, 1.79874668743014, 0.894070585384377, 0.820598581696483, 0.961821053843165
-0.624546051408729, 0.303196834794494, -0.514225543494598, 0.181558165238235, -0.724929849590136
0.616937582579516, -0.441669049603889, -0.277328901001362, 0.055424595773276, -1.48242527098395
0.911574396745771, 2.15310190872731, -0.967668494988385, 0.661145409550663, -0.440452189585497
-0.0810197748143183, -1.04651457184148, 0.854398185082585, -0.0565542150418685, 0.302405256659062
-1.24913136973693, 0.101746228456047, 1.25094650078417, -1.48745549847363, 0.960058239899397
-1.65752248774135, 0.499636289738615, 0.308419504415567, 1.0420321996433, 1.23697964683268
-1.15866830115258, 1.09202918401293, -1.04113826258855, -1.61626952782991, 0.915605128854696
0.0256806058438803, -1.1393723695607, -0.0220690492706594, 0.584492960249692, 0.957029642768151
-0.377917200842731, 1.58406928381905, 0.892920065012976, -0.311242659882065, -0.163808468876496
1.31091860545833, 0.0478536999604982, 0.698044963417028, 1.08846920811868, 1.19191299232035
0.727336972831091, 0.458737302872646, -1.25198436304501, -0.486312010236054, 0.199455581315732
-0.521907896161683, -0.826598362414707, 2.13232635786129, -1.80056931388467, 0.883232502670954
0.402423056653575, 1.82286957316572, 2.07374623436249, -0.352716931309362, -0.924094852023014
-0.807039187276902, 1.55520075486911, 0.0631073920599605, 0.596921663100542, 0.629349886360905
0.76968112304523, 0.119853929246707, 1.41703666734904, -0.806476568617898, -0.0665432567870666
0.745535722181827, 0.419144478840771, -0.268606337491326, 0.821177385509543, -0.0941162602986328
0.77124814678886, -1.34868386264253, 0.0339908253026468, -0.27316160135303, -1.7324517261841
-0.382234657601234, 0.655521902205601, -0.0185620196585981, 0.281251236363018, -0.408292629289472
-2.08969919985595, -1.32416279944057, -0.62462342970753, 0.222212519620499, -0.970227622933393
-0.495062976702859, 0.557163646223619, 1.01264033111782, 0.537340177957891, 1.10474301552801
-0.394114955184918, 0.631208760061075, 0.852899343649357, 0.509603761259413, 0.299579186410106
0.744091869293186, 1.74144838469444, 0.55262648458959, -0.829144316844739, 0.313451456140888
0.381155641132891, -0.724259613833128, 0.502856551710581, -0.179325884360972, 1.07389657491274
-1.02826490687286, 0.698583151970256, 0.327199808235427, 0.359384704131439, 0.182896684437912
0.379109806460785, 2.08070678516718, 0.826911653835522, 1.57285471523747, -0.247276741192461
1.28769268201091, 0.0938493549840173, 2.38851193863248, 0.795926346712056, 0.44438489601346
0.496828260642776, -0.436920573722601, -0.00929027744778454, 1.37922799275611, 0.651566292721088
-0.138509243548767, 0.319967399783202, -0.376488836815346, 1.42659378768924, 0.953856697424351
0.0442463857648586, 0.237747820785086, 0.194650198854019, 1.05355829213851, 1.15059857156371
-1.17357420039643, 0.269491640417927, -0.216674887896162, -0.475562558078668, -0.565720494451679
-1.798277065946, 1.44725999889723, 1.15312339440345, -1.20475775905722, 1.04978210153029
-0.154186408154312, 0.522636132360267, -1.51363846806785, -0.55292405017248, -0.15707369392735
-1.18103634651962, 0.945456593979348, 1.22099743974653, 0.642082393610583, 1.57217328564837
-0.497138681455478, 0.868427462412386, 0.148233883308723, -0.56388402144719, -0.255982450482385
-1.23166957914535, -0.974291034401642, -1.28375141512946, 1.93159205874029, 1.752365677946
0.0755777836417376, 0.833473507406975, 0.456082351385934, 2.26122849549041, 1.76980073932446
-0.959592728067463, 1.5310788104885, 1.61304308556316, -0.516073066453529, 1.15015357411209
1.45515026007504, -0.00303868475480121, 0.305662470080438, -1.2825755293981, -1.06349508898543
0.973406476653691, 0.197291945811465, 0.813385386192626, -0.456011754991632, 1.209941804659
0.446851067959537, -0.630287139028927, -1.11529533073745, 0.327695839028859, -0.123141035289236
0.347145371934466, 0.229840600480108, -0.101255041441171, 0.605862834458705, 0.668860926262675
1.52204607079354, 0.0493767849432188, -0.358945102447331, 0.642262877453846, -1.17970063865899
0.0268493712282689, -0.0878332646739496, 1.38883033751008, 0.966342604482378, -1.22881622638838
-0.235107128906672, 0.302825415179677, 2.22026999220862, 0.160304220728264, -0.740393076325385
-0.285364134260637, -0.57267127572216, 1.49158175813019, 0.533047559540359, -0.885777453986522
0.569694845021288, 1.76203250351579, -0.220865305048228, -0.653613989375074, -2.01178306079659
0.00563354371699173, -1.00319329847177, -1.96398337683013, -2.36475069742117, -0.693308386618646
-0.52253708554984, 0.323527432699462, -0.324484830383124, -0.894191383737218, -0.242831351308891
0.905023379322912, -0.693254806728935, 1.15475268470355, 0.14431259874388, -0.395526248972839
1.0354564007384, 0.927686573507297, 0.53721996708116, -0.595424255568969, -0.521363950629154
-1.68976667291913, 1.2304182337138, 0.505893023735084, 1.97228880935203, 1.04918924868001
-0.314248893884444, -0.0859221533925104, -1.22336543646896, -0.701097502075219, -0.63597387471713
-0.0186963077780873, -0.346063913118146, -0.517679574738327, 0.0163556493476271, 1.25937931626814
0.066555005224691, -0.119087355574831, 0.436025839084193, 0.00659580008491315, -0.166689561076144
-1.48241612969437, 1.77064489199702, -2.03430104111419, -0.203686221498792, -1.09785581430913
0.0778398585092021, 1.52084778580336, -0.595056382399531, 0.152478965247785, 0.970703469889175
-0.455920875871778, 0.118485435431383, -0.436884599957742, 1.31515204036172, 0.7170000069479
0.0345146529966537, 0.239708950057226, 0.193536717932093, 0.172065457168385, -2.16345865298451
-0.0581347227837328, -0.88403903516761, 0.122032162171989, -0.73722574982339, -1.6584819798936
-0.552608183011701, 0.118272466170279, -1.76665117402209, -1.25615235153529, -0.16607928483721
-0.355600110981202, 0.229479472655367, 1.4509522888347, -0.270596352985071, 0.143666653264909
-1.57461193819991, -2.02837057434095, -0.20302029348234, 0.821563911617712, 1.57656979117253
0.0113856332937425, 0.569678763706281, -1.58220606698723, -0.275089698932927, -1.02056941948246
0.56063155292831, 1.30899784013718, -1.13296161792966, -1.45710517789753, -0.606649495397097
0.439927012312323, -0.971832679905571, -0.263877386285428, -0.273914859397685, -0.412560888554019
0.314003405286804, 0.0338456064917231, -0.637573271262951, 1.18312812958778, -0.552907578332134
-0.757071653710963, 2.06820172278225, -0.979870902270026, -1.2201256492075, -0.603966755383467
-0.577782200850432, 1.36176997001565, 1.28491670535588, 1.12841782215761, -0.0900240582045534
0.00895103704189616, 0.192015107809104, -0.722085298992944, 1.23161805705752, 0.433873245071762
-1.01048867953008, -0.224794368665159, 0.389964091260204, -2.03710708264195, -1.19491738053301
0.457233549538868, -1.00146319708938, -2.04389817514584, -0.147399455140618, -1.84852922895907
-1.61624581732093, -0.261753727055467, -0.79914751902698, 0.741695453190061, 0.833820362053176
1.60781565799043, -0.248545218653761, -0.091938762298667, -1.7281869161977, -0.367444449693929
0.346487716316097, 0.440696630992218, -0.0513614543162345, 0.195342970870009, -1.80032908164064
0.749985598714909, 1.41222908187071, 0.55641249947304, 0.830702631353678, -0.0567678280459624
-1.64788821894393, 1.36499026513064, 0.468554772392889, -0.00843441954070948, 1.82939486962459
-0.0805710929959949, 0.928612804621291, 1.00160210028256, -0.456881735620512, -0.405034396324966
-0.320139508259916, -0.891500793515647, -0.959147634063241, -0.443745896160932, -1.09289600212812
0.972006759122008, -0.710949022364139, -0.672731095288699, 0.0784855735278681, -0.142922039746288
0.718493206923232, -0.384761620721102, 1.02401953869962, -1.22506450093291, -0.937028210413338
0.336343572097155, -0.887976815503965, 0.116545549359189, -1.28384226603472, -0.927897908414266
0.334668694529203, -0.118186877619203, -0.7124947228054, -1.14571475185301, 0.0807096939753186
-0.65345627686842, 0.219663845817936, 1.11568267798229, 0.433331948964834, 1.05660016982378
-0.979523733827197, -0.0766645254226278, -1.19732407998594, 0.760775327715467, 0.386172988541331
-0.166273834761149, -1.32035396012885, 0.842789741867859, -0.838616712354186, -0.46654090414039
0.234907920446897, 0.937774096526391, 1.4172609193578, -0.789358620181006, -0.826977398465521
-0.188854510530901, 1.20580198404387, 1.77708319281461, -0.618583912275886, 1.01646683924
-0.178067645200417, -1.09396188866198, 1.01293964745507, 1.62146691827967, -0.739836407260605
-0.661830356028098, -1.5637190090249, 0.455365560186602, 0.392429930773999, 0.316012553838244
1.51552913039865, 0.71034916964203, 2.01860514472884, -0.826201461434242, -0.153888956559137
1.16661785692087, -0.992025538884964, 0.371811000338267, 0.211229264473236, -0.999184316695951
0.43081337947289, 0.119229557144124, 1.59246028555702, -0.599603821531992, 1.23244280733719
-0.695037300252207, 0.540747854397348, -0.350762354046232, -0.677181491727714, -0.488125916051998
0.362192209792367, -0.122563000463543, 1.05309549626055, 1.40492317807474, -1.83131161910825
-0.262948654597492, -0.130873185545944, -0.413729620533161, 0.0152174005061775, -0.301955441964206
0.0579796149664214, -0.315246141045639, -0.244997830973073, -1.84569201068674, -1.04030708530365
0.268549868547523, -0.660271083529977, 0.714386434412575, -0.110131422020185, -0.79066990437815
0.000278633971109718, 1.98562242029184, -0.82093104413638, -0.410551455236243, 0.991807109239439
0.52189204138277, 0.598421048417736, 1.7557109621871, 2.23929504501458, -1.0805415463454
-0.656596557274217, 0.155854203014552, -0.566566610544419, 0.426887666939301, -2.77578136945176
-0.346986043209213, 0.998009322006129, -0.577469734665293, -2.4950399362678, 0.308533760596297
0.736130024511454, -0.734320456469764, 0.395871238945499, 0.141076072701745, -1.16003423856398
0.605672299645903, 2.15874946945699, -1.68670095107271, -0.749618871370925, 0.766104223893438
-0.0908800979629441, 1.65346730554433, 1.4292198133707, 0.917081992312265, 0.670146850960826
1.02472054614554, -2.32198174957179, 1.56077438239179, -0.850510200199306, 0.432522351259945
-0.454905165381833, 0.163311858994414, 0.0369629961666268, 0.573486702696365, -0.210473894857874
0.210296380101702, -1.08757415537604, 0.30059976523599, -0.342116907329846, -0.55186896453512
-0.634836304849441, -0.558215726813336, 0.606202921584562, -0.790614126126802, 0.84856417624331
-1.14931731640819, -0.264189241888081, -0.0578355621148598, -0.480107840505517, -1.73286019708052
-0.314597922817455, -0.733014478471048, 0.235518530796265, 0.97488830239825, 1.03796392350675
-0.532144652400223, 1.09713595331839, -0.275276709336972, -1.4491420598055, -1.24197963608556
0.0415456099411747, 0.653681087085806, -0.404900845706765, 0.253283690650705, -0.0650331187355951
-0.382579658018903, -0.200417715906246, 1.73593572664972, 0.785889555543431, 0.233954180796811
0.12175248179596, 0.377443417214508, -0.425353316718308, -1.56327701395389, 0.399237035211966
1.52024420565647, 1.03673511191719, 1.33093133743296, 0.415442933296427, 0.938421126422106
-1.06548605246239, -1.5277487203113, -0.225736605492798, 0.799656555826099, -1.53223372275695
-0.266252433897772, -0.555533716229431, 0.474522514074579, 0.443990768868927, 0.70894614710477
-0.865222787084243, 2.28700974887717, 0.762582550030087, 2.4983179905163, -0.0235479311798973
0.336764595136164, -1.09500818021322, -0.197644836799646, 0.581677272240569, 0.214988371731013
-0.565291709979153, -1.00576075697924, -0.948559579746564, -0.732484295250746, 0.836577924217399
1.5710142485995, 0.0885130711707954, -1.48003461889207, 1.28754650657764, -0.0335299234385254
-0.568179747260114, -0.421900937081563, 2.6367756719919, 0.25979918095026, 0.611640098987917
0.138541827113865, 0.850991114675488, 0.0269437187953972, 0.213029640598251, -1.07627103762025
-1.19008478367696, -0.721191195247166, 0.118276889436997, 1.47462248639756, -0.38618512504659
0.18836373416956, -0.931556337449773, -1.32324190373791, 1.21661150326641, 0.269945595322658
0.230082777635558, 0.206964343210804, 0.357724921426756, -0.169214376588644, -1.79666885803506
0.199124025064883, 1.07269430991308, -1.58032073841646, 1.32509742910202, 1.12980992807316
0.69212051874886, -1.1542779614973, -0.261579981261775, 0.400851133359545, 0.542079890177978
0.76483296075138, 1.39969585861713, -0.20024658462265, -0.216643293420315, -1.05289879847584
-0.409043623897063, -0.142842959988193, -0.421925611652643, 0.649534393363223, 0.134671967176875
0.704084434516595, -1.21740216224171, 0.0342172210454535, 0.994483382643576, -2.28104761557311
2.15986000365924, 1.42653487145811, 0.857620405048475, -0.995104917884236, -1.76875099462153
0.109448797945184, -0.0137513799640213, 1.24703865382769, -1.00292084157863, 0.289072851503407
0.0921717984735041, 1.6026604445458, 0.17926683475651, -0.0069459148517262, 0.609707256942695
0.528566295722763, 0.272215380923871, -0.466356726760362, 0.913507159484818, -1.0065052282027
-0.766923810080681, -2.40569336641477, -0.766346789509005, -0.779061453954884, 1.41975384642831
-0.554619704896087, -0.893828675364838, 0.238729933521219, -2.05074499422043, 0.306223724883239
-0.950947580986752, -1.98986491862425, -0.142865765056349, -0.175398431672687, -0.887478501484455
-2.17171944255607, 0.35075878721456, -0.724799220361036, 0.694803774229118, 0.384224563563199
-0.176298616600808, 0.364762003579088, -0.0663815664106267, -0.608278300992198, -1.12698718917307
1.36369631710565, -0.203179413617918, 0.131384535704509, -0.440185962836139, -1.34007148364853
0.644506689295471, 0.838003786266043, -0.217557863948792, -0.809170495299742, -0.428836279062364
-1.42263743557317, -0.262437457598076, -0.566211375813933, 2.13594418406363, -0.29567525730376
0.00833550771111651, -1.28867398020678, 0.202257618218952, 2.84415441700913, -1.3683334621999
0.92578934429399, 2.39135175550987, -0.978910255895772, 0.3554976502275, -0.185784360721217
-0.86427493061943, -0.931797687224357, -0.0412834661957346, 0.615601913607966, -0.35675837927859
-0.0663790525807402, -0.265664651200018, 0.305436381646997, -0.535736691507229, -0.602456064297501
-0.0219470059533511, 0.910409774515865, -1.26436305364572, -1.41965907601113, 0.686984885994493
1.08105608786099, 0.701092155221347, 0.12199093242121, 0.143772852449957, 0.283875959333939
0.140913396774945, -1.26819546038388, 0.183585471126918, -0.413767313119236, -0.735557035633507
-0.48593053658244, 0.581470499415705, 0.704742594975344, -1.81871726356165, 0.786297902275391
0.522086180892663, 0.634487311891334, 0.701508451495286, -1.14802557835044, 0.209547773100242
1.4278144621234, 0.716489935210097, 0.188512494411571, 1.14488454230349, -0.303061315316876
-0.101280798754498, -0.836531033105922, 0.0341157203496331, -0.276969010331518, 0.0763009665901843
0.880276565093699, -1.57504857441391, 0.629893269299068, 0.116124994750573, 0.891320575348741
0.400538483224316, -0.876048703858459, 1.52945657123012, 0.90723440788446, -0.820145844097507
-1.29685340522952, -0.806980709660592, -0.198831863428638, 0.73057139942447, -0.825045437619052
-0.312209960778559, 0.681898919985121, -0.335298870779372, -0.301106583321182, 0.691547831101282
-0.713814414708842, 2.05021924275916, -1.0902006825851, 0.118840010313345, -0.136974102329128
0.376155503435305, 0.648553579146748, 0.332037894125876, -0.100085465995371, 0.0170104753404768
0.632731693927868, 0.198527887454039, -0.514352300790905, 1.68809340181056, -1.02179373231978
-0.497002788510781, -0.354010171425869, -0.193543899740854, -0.631747399315042, 0.984832293396608
1.34187626867009, 1.81894012415083, -0.108396087062249, 0.969800851999347, 0.744632839927771
0.248859860439287, 0.0518148214050002, 0.38748724765847, -0.955860640814166, 0.612739117197687
0.685066101056328, -0.11690745873004, 1.04570976746143, -0.314383548283476, 1.31835718444952
0.648453837073209, 0.785034040087428, 0.72542094447846, -0.31039258952473, -0.0331571282500589
-0.724825382088293, 0.479769443937031, 1.22784275118925, -1.44455886093787, -0.400208592763077
1.35508266989079, -1.07763458496518, -0.474680875367507, -1.41582309848525, 0.0976686220526905
0.795969663935891, 0.245296342492438, -1.10475517000983, 1.30945020228331, -1.1785010766989
0.747586694692105, 0.286530595034408, -0.246833917303157, 0.297985393988725, 1.08704612412986
0.657245709003789, 0.128796771212653, -1.11944006839857, 0.00945304564344143, -1.82092435019331
0.826119558620293, 0.286903534183528, 0.297625760155853, -0.355298456986041, -0.671664396313717
-0.991638050819647, 0.866985152629833, 1.1114670031847, 1.96506091276467, 0.234702206958784
0.198915852613763, -0.58014686649222, 1.01861453529434, -0.371219728269311, 0.609891592117729
-0.763553914161908, -0.939918059493526, -1.00708690125604, 1.5737706934732, 0.0134051455655176
-1.08230878271512, -0.788077872600701, -0.829859578168031, 0.363916319784388, 0.242151198681965
0.491836301055147, 0.592863813806785, 0.230396157379782, 1.35842058001511, -1.26473552421143
-0.413518584872439, 0.444424821143642, 1.13610037914399, -0.668140837758187, 2.31240547176553
-0.597785311194072, -0.780912741051026, -1.26222060088164, 0.556561809136906, 0.029508711316285
1.03773616597168, 0.368885271714202, -0.113966384519415, -0.517971549869909, -0.0874941847850661
-0.39877642785071, -0.632015050410907, -1.53331280463327, 0.52487718183742, 2.28261575905178
-1.33849233996634, 0.923219065754192, 1.16863315339297, 0.435804972429833, 0.232892375725512
-1.28991891551275, 0.196698549946258, -0.816619061901021, -0.896379275151584, -0.804291815626829
0.0672738240108661, 0.530136976160096, -1.48517756814666, 0.875303721465451, -0.267061926289188
0.528279671353407, 0.181142037508933, -0.181938530733336, 0.417001945316207, 0.150844545666491
-1.26339054984964, -0.593495851405916, 1.59224511597339, -1.50321972640889, -0.857096644335143
-0.849372759942799, -0.607053624010783, -0.302795258293538, -0.0205360917587502, -0.675922198647528
-0.0149933662242177, 1.03510721433321, -0.968186476965572, 0.815851209197091, -0.189565553206788
0.129147092091078, 0.499639028883773, 0.709913355452049, -0.762254329698481, 0.195258131769647
-0.674097138419342, 0.286876541147009, -1.5413689292983, 1.33471954343927, 0.267668802840111
-2.09197439852619, -0.263662279730795, -0.793557724759697, 0.0633612358648315, -0.2835507630603
-0.827217837569144, 0.958978186783041, 0.817691798277194, -0.804089828537944, -0.0681584911650496
0.8780663234474, -1.10050790851241, -0.0905651111453362, 0.958102917064168, -0.983340529134827
-2.52163346614477, 0.815522851261751, -0.0205995299779741, 0.693997249104372, 0.065238734724895
0.436870768798184, -1.14307793779403, -0.924902068126003, 0.441563909279129, -1.6857661177987
1.95308823485573, 1.04680631222693, -0.757188090280134, 0.818452067065617, 0.633825077155134
-1.69495827568582, -0.435461425220838, -0.781506831262848, 0.480691501207756, 2.30292857193222
0.424599367679732, 1.22363871430302, -0.507405749050442, 2.10647027139717, -1.44965147053482
0.5796849388465, -2.29433667818356, 0.0752174285535046, 0.0710471745501133, 1.44466447484888
-1.15585983290103, 0.0330557180685251, -0.764052848305494, -0.650456696902643, -1.08288456532179
0.286944077945544, -0.487622051107976, 0.731504247597632, -1.65888916294315, 2.45915865325467
-0.184617402906443, 2.29566816902144, 0.793616277016884, -0.769252191654251, -0.00710415192989516
-0.970303969194053, 0.000284478106077096, -0.26075475176628, 0.701722651729344, 0.056921994380088
0.585294338752548, -0.520033142766361, -0.156459083311556, -0.455890200668936, -0.527038402218522
0.674137746095461, -0.849073483420274, -1.70933213967818, -0.453538931290594, -0.576080256789078
-1.6424878153885, 0.316405714578935, -0.400180395819985, -0.423876389825494, -0.0717368260496956
-0.568793724201793, -0.130618456722737, -0.197882284562844, -1.33504290174076, 0.343713946908669
0.486960128291965, -0.500467242000219, 0.803465309654326, 0.0798009382782578, -0.62858126641453
1.1906937764332, 0.170612948113217, 1.32324407715543, 0.340161019753587, -0.436244329191882
0.646217346621817, -1.30275417958579, -0.118195230560518, 0.4076854412039, -1.06504261964709
0.667247110500331, -1.50944248120962, 0.284374501129709, -0.199834963376736, -0.192498289644163
0.209139415182355, -2.10186757074501, -0.789585540569171, 0.261168386141881, 3.32753240776754
1.16987921422411, -0.759246832803394, 0.0198129973645528, -1.99740212545085, 0.418057397959476
-1.36861200180779, 1.34011131248075, -0.0868676799673325, -0.915222906640921, -2.22104054235555
1.47046569019739, 0.463523769202504, 0.656713651968094, 0.135297925319212, -0.356151443739765
-1.12071507416888, 0.857021737127917, -1.74240055295867, -0.578867150421095, -0.372502344510378
0.291504483850306, 0.443802136208995, -0.83881082612012, 2.39368896021183, -0.588328260609186
-0.828673335355351, 0.666392337842829, -0.243548347461993, -1.09768126908256, -0.172628629794676
-1.15915959984991, -0.188071781826371, -1.05348139596361, 0.205417473680457, 0.93041354196554
1.89757904091705, 0.00694443750013813, 0.0327369482198522, -0.670709489338298, -0.189804163829711
-0.0441611164349252, 0.857242772835985, -1.69359708864683, -2.25819855994751, -1.35551680530981
-1.64187612000327, -0.220344376058496, -0.629697813815188, -0.201482768326648, 0.461268245489091
-0.896803093742694, 0.838862866054951, -0.21303332040966, 0.0277910662648764, 0.985760493892744
1.10643715403151, 0.461878393604127, -1.16359315621515, 0.911029272729511, -0.658930840327775
0.489379648681122, 0.323547812663395, -1.13030318143052, 1.36098197564024, -1.70902538994953
0.939933848669905, 0.0268284916487713, 0.132485419220362, -1.77426986315942, 0.164182220391419
0.432440923440237, -2.3254298682486, 2.18984253315935, 2.03058254792796, 0.647005504043347
-0.517380127681905, -0.0739737347805227, 1.12889275932079, 0.998477775650866, -1.31888362441356
-0.646030447796734, 0.155655157906213, 0.263529717569657, 0.973209869409093, -0.967131406189822
-1.63435426887314, 1.28901231459235, -0.287911443292879, -0.628643530011926, 0.219389322703094
0.341871750893473, -0.582622342711165, -1.26244100849696, 0.032394241284796, -0.341219766616514
0.620174259582616, -0.276640741165933, -1.81873461052379, 0.517283806665091, -0.157187403052746
0.427119123089282, 0.191266692338779, 1.18262474127598, 1.43346116037374, -1.61796013661071
-1.56828510021931, -1.45578834996131, 1.32389678358134, -0.884783159677824, 0.765348426550291
-0.347361026385579, -2.67910055142726, -0.465190979532697, 0.261682706072819, 0.348364512935057
-1.73343549768721, 1.21916720699013, -0.270004589506011, 1.58975265418938, -2.23416632526681
-0.510299746249579, -0.478559928234822, 0.0213857336770865, 0.490310587981469, -2.2071168966501
-0.689855402872535, -0.703239126519027, -1.97589971303652, -0.337650351493834, -0.477983114330013
-0.199200810826497, -1.40515204974911, 0.447637665575011, 0.261854768665346, 1.13866395898901
-0.0604007367644086, 0.0412994534284362, 0.773449655872359, 1.26644154694602, -0.631326610510544
0.202559354828493, -0.711648161267353, 0.147203454207616, -1.76537324923626, 1.30147586433014
0.451911261930751, 0.755221905759581, -0.298389692509448, -0.348126749383354, -1.07468755484617
-0.0290021575654353, -1.21789577468743, -0.0472347598405966, 0.241640332758289, -0.566959243476069
0.437056781443399, 0.00527019969104839, 1.50741583874413, 0.227224529337423, 1.69510103519627
-1.6434074718066, -0.139363306234715, 0.12134717028772, 0.814089538187521, -0.718598966769561
0.305823969392086, 0.557939361588454, 0.19112790572249, 0.192822430136975, 0.484083212308673
0.552124357151383, -1.05336662745623, -0.472234176413494, -0.101338844928368, -0.805556838589819
-1.84850021691455, -0.170531061689378, -0.282807991814736, 1.51419517400418, -0.442870566027074
1.3187336587182, -1.21120135882791, -1.12774289096788, -1.92017771921816, 0.199636666601652
0.194919528872464, 0.500902540113383, -1.0947708815234, 0.833478718420378, 0.366170976010792
0.328061757380765, -0.282324831173618, -0.297921010549626, 1.13890211504513, -1.08590038317827
-0.468202228329681, -0.712282789371883, -0.429490366637543, 0.434778862777843, 0.363810151369223
-1.08234091975599, -1.00546440797771, -1.97085144641116, -1.36298199234238, 1.07065294104023
-0.301779450049509, 1.41160572879937, 0.836969638806969, -1.29406683703359, 0.862221558277622
-0.719115600479977, -0.408379026119987, 0.943940973186583, -1.34622326682128, 0.265530189565416
0.422538100323388, -0.665869755442146, -1.12985081704751, -0.495641927861887, 0.236099979660006
0.438253272614053, -0.670575782253866, -2.24092959687492, 1.26744385185842, -1.4783888041075
-0.677439232526978, 0.788018054617398, 0.176418649806867, -1.80155070811525, -0.423579984013888
1.17434009162942, 0.285917289988684, -0.71588875739377, -0.833520048593403, 0.466529458027291
0.00262719863490177, -0.234605917733998, 0.34376559937355, 2.46619872306266, 1.67885292081612
0.784663723759224, -1.38440892004568, 1.40091527274628, 0.506173328548624, -1.06605073542958
-0.0436191471571942, -1.39981049833008, -0.367209190055191, -1.51434516267166, 0.315548116446628
0.201839533182498, 0.275093096807198, -1.33945438928676, 2.20275303313867, -0.841843001075307
0.773259047868427, -0.197627441851901, 1.2310962375525, 1.14220002100302, -0.857434488251616
0.90956350082829, -0.543374240488698, -0.345256810130212, -0.401517707132023, 1.52853205678506
1.19945820265287, 1.13296302378825, 1.28439587664801, 0.0953965290168519, 0.73574756844564
-1.01149229243338, -0.357416967291878, -0.746736417100129, 1.95591503490836, -1.00612463762688
-0.732363435533826, -0.441078690663797, 0.683637723557511, 1.1058154186792, 0.671439297480824
0.464481228001529, -0.314253696150211, -1.52329859301407, 0.75939715143801, -0.223776197427634
-1.33064115051429, -0.957676164486465, 0.596758991431488, -0.201403672689131, -1.095085751684
-0.988605202002761, 0.544584200616956, 0.91733868016394, 1.42075365127301, -0.237484972136928
-0.318774107085349, 0.0411422187967949, -0.550844329323852, -3.06365448186444, 0.408858321039579
-1.25229605540001, 0.047914949424326, -0.169122535840025, -1.72355139923078, -0.872079520585726
-0.0404489653395153, -0.946667062622448, 2.18594433228016, 1.50229902670394, -0.649383520312727
-0.817008511818238, -0.432016637003733, 0.708588898914817, -0.560184362042929, -1.29876454684369
0.651039204472446, 0.117796207200464, -0.150399783445694, 0.468151533214119, 1.26873883681589
0.980132549911564, -0.415715546213419, -0.325821289921687, -0.407285202671327, -0.38779894226435
-1.06075387759961, -0.627322236388185, 0.126694471416057, 0.925526343527672, 0.111896037210031
-1.50225357670816, -1.11298137292454, -0.334478478848594, 0.520338589457797, 2.67737407171864
-0.0851401442562634, 0.114001349927054, 0.240840001270702, -1.62466276110797, 0.358452046016138
0.392167864917006, -0.316690151771444, 0.0638131863171053, -0.738595908981552, -0.776621085216963
0.758127561541891, -1.35663030171439, 1.74053223088792, 1.73734968201184, -1.69243839322913
-0.677616089859477, -0.420527915179854, 0.342558184558783, -0.790872655840455, 0.551309246759324
-1.09434754088511, -1.21606545995177, -0.422125262518854, -1.30370452285966, -0.733803633625661
0.174375455664556, 0.462090737260876, -0.303007615071137, 0.491671785839702, 0.690155436908796
-0.281685062043288, -1.45659389258741, -0.658207123572186, -0.993651841108551, -0.0150811438586354
0.145556808986832, -0.186337925653026, 1.21367115102898, -0.774110065318099, 1.58827295786255
-1.31007406570019, -1.06836873631126, 0.538797695635445, 0.567871512302997, 0.13783007271733
0.917920057381496, -0.139605742745776, -0.676780429678517, 0.690301355881563, -1.78016434544207
-1.03599579587976, -0.31820574157454, -0.641518476813508, 0.125147178912726, -0.847547262643083
0.423811269186696, -0.780243518952587, 0.777855650526962, 0.496667623016684, 0.46311484932307
0.749231279412407, -0.0491308438161463, 0.117503755654226, 0.771194986597396, 1.41219762903283
-2.17393965398029, -0.683519074379934, 0.625020140286844, -0.464176715254236, 0.475568633847628
0.299740560804241, 1.02615347827768, 1.17812041774319, -0.333885915802069, 0.495235342762179
2.50520654644364, -0.507211654990648, 0.188845018653753, -0.924853314873292, 0.351545680158689
-0.708556057625418, -0.757842841364972, 1.14518282044841, -0.056777335516021, 0.816603980130717
-0.562568127289613, 2.73339105279908, -1.90888880238031, 1.25822792344464, 0.209218693989619
1.12538095928503, -0.900580790252774, 0.571679510424305, 1.53135334779482, -0.535744168981132
0.184808702016394, 1.04257228344842, 0.231963785797622, -1.47567481486672, 0.824331614858816
1.34360688366157, 0.267093730005181, 0.11174033341993, -1.53097273030214, -0.785635423090203
0.595122798283999, -0.00634473504489345, -1.15496426093684, 0.390926046931571, 0.779048211409505
0.717715626928944, 0.43452342644609, 2.09018511452552, 0.113344343630764, 1.29613826442991
-0.287826957300829, 1.45676286384304, 1.00281547119223, -1.33238282589382, -1.40253797639488
-0.0744604385284916, 0.367044222737003, -1.95363283972334, -0.606013765204666, -0.373717306454757
0.901269070906479, -0.415333097111833, -0.565928231370787, -0.297446931192457, 2.09407690074863
0.938528625806621, -1.03193095326651, -0.239914511218672, -0.347690057410089, -0.544757962907738
0.304425699116069, 0.392867821821526, 0.176659809645321, -0.0817034970147288, -1.68623244228306
0.651735230232783, -0.086138791817815, 0.672537018842879, -0.547700278451529, 2.64564303594531
0.0627280163250057, -0.707749338045019, 0.891747702919296, -0.470972491976982, 1.75284215744726
-1.81390501886148, -0.263493929678925, 1.79151670513029, 0.95321719639249, -0.429019628179565
-1.76527407557191, -1.17956886898275, -0.708528358529741, -0.0499853714181329, 1.21515817864174
-0.167033890868222, 0.749997809656175, -1.11549030029522, 0.744116835605416, -0.720584487036463
-1.10093255626296, 0.0915998059897801, -0.244562366251541, -0.162067973668623, 1.27009641391773
2.32706688585281, -1.00613565939096, -0.609052093687741, -0.320419304739307, 0.107029183751061
-0.607028004268721, -0.274122056521006, 0.115453661972298, -0.230362882092285, 0.575195452040763
-0.927140339723485, 0.815990975935457, 1.06947498654804, -0.318244934565634, -0.0727780136807436
-1.48283477599447, 0.301513298503975, -1.36008622490638, -0.40627037641907, 1.04983668414354
-0.899579592163048, 0.210941853488145, 0.880805273905764, -1.23316037240582, 0.792228408731911
-0.250173150895519, -0.166021866385121, 1.76348521556215, 0.227612830569163, -1.81627605615827
-0.200834220450303, -1.27458769585787, 0.151408366761579, -0.0465716035821217, -1.30320235585157
-1.02395553813725, 1.33569779314504, 1.33967337939835, -1.99732204930899, -0.300832654850039
-1.17828982196116, -0.511591334673616, 2.02590174058919, -0.46912122649174, -1.69675022603592
-1.41002672879606, 1.19372947481275, 2.4202239842606, 1.86230209411824, 0.014289901752306
0.585435513710962, -1.64176631479175, -0.299544655331916, -0.507183564106987, 1.2683508151585
-1.56455238920339, 0.761521319946712, 0.535161197843734, 0.366714190348951, -0.0508008176276123
0.464863766150137, 0.303619491077557, -0.432255882044306, -0.559423630643363, -0.977472128308639
0.196480487276304, 0.779519945760245, 1.20451727741493, -0.314823075517383, 0.915126225643104
1.29518546081659, 0.454069123752192, -1.0112084093858, -1.96345493905694, -0.296054450292779
-0.594238871922297, -0.481017053583781, 2.03049098469496, -0.483211529247374, -0.883635721074378
1.06380368859062, 1.5831428024456, -0.339216356948164, 0.166350127463441, 0.153198436770856
0.612190182889384, 1.9136414327295, 0.66816336138053, 1.25865761162248, -1.41009368292171
0.239547353179999, 0.834939780767994, 1.0071301125966, 0.0106996753136484, 0.562575054166525
-0.281950877525689, 0.267330596047122, 0.115993419522278, 0.784963660815581, 0.464526243047454
2.18086308760707, 0.241840806765086, 0.335363892731236, -0.100632242643921, 0.91844348278288
-0.565871381267126, -1.26874488599882, -0.0437645970217644, -1.75495787896718, -0.51930365022755
1.4952315540598, 0.93881575623556, -0.381478203093471, 2.21207070817055, 0.500130359366315
0.71261161654493, -1.04373305973444, -0.327547164235488, -1.14855093608604, 0.0363249130712107
-0.834745216681805, 0.95022836152062, 2.13196681813113, 0.436062939014083, 0.562204686650713
1.74551353170415, 1.92620833174098, 0.154045150886503, -0.093419958035198, -0.411551103285761
-2.39156744467134, -1.95570607360004, 0.686281289961237, 0.247804539345362, 0.978830262400282
-1.34667785958308, -0.749121835231513, 0.152463461162126, -1.04591018549012, 0.874574928662278
-0.126876302226152, -0.234190885257021, 0.418272440466625, 0.0291898770536543, -1.76803626101643
-1.39686851007016, -0.434036396505092, 1.00085635419986, -2.41589144236064, 0.590059032282573
-0.345117997488384, -0.249913499448565, 0.117704889461228, -0.785305366876188, -1.46289079005887
-1.04908033403761, -0.0156977982576214, -0.626169829791385, -0.752746553353607, 0.644461996606161
1.2364136389976, -0.966628507198445, 0.397227513811394, -0.975973171915575, -0.182246413937228
-1.96815707798087, -0.263825219774251, -0.749321076528435, -3.27881680207334, 0.122254683989656
-0.189639922134639, -0.0675658238976175, -1.7570441149205, 0.307202285064397, 1.1614890984255
-0.631775221965727, -1.09988554847024, 0.873374268787241, 0.28686838344305, -0.958842092160911
-0.318985625423994, 1.27199194878629, -0.63385866260674, -0.116205959975696, -0.381884385463918
-0.498418555928665, -1.02205274645926, -1.31727628006714, -2.01913440872712, 0.359652205944143
-1.56216177208649, 0.489693942562205, -0.520233673354836, -0.940919555866434, -1.10851161651633
0.446139546948315, 0.482925289081196, -0.975207176753424, -0.404941909190419, 0.749202352528462
-0.66679346959439, 1.74735590277209, 1.13037787520889, 0.495989528602296, 1.04652624927595
1.57535533651664, -0.93368784374301, 0.00363387334653905, 0.730453589043574, 0.0677508310925007
-0.332106470022305, -0.966090769662287, 0.987793019273312, -0.682994073766372, -2.16634849163874
-0.151621752718293, 2.11207853582469, 0.247985051572158, 1.76909393413173, 0.733770254016433
-0.632787357354449, -0.879688862237405, 0.548002074141721, 1.1220604914656, -0.440905331907486
-0.716655251192435, -1.17868459649679, 0.263412509117697, -0.729904763982894, -0.644340663541208
-0.633150532549607, 1.29738559249952, 0.0457125996978753, -1.10452435188297, -0.24684131366061
-0.0211521175566241, 1.61833175537552, -1.16353424095776, -0.102655389053955, -2.63926376006805
-0.0554195513215235, 0.218222712649697, -0.591480499620058, -0.713069851019518, 0.550944438274569
-0.358379490404726, -0.409506339156994, 0.538580405048749, -0.307637750264214, -0.753452655063251
1.83339194121129, -0.247844307890309, -0.104470719149946, -0.438432934893971, 0.724716699835318
-1.53240733512929, -0.51515179959924, -0.825999669137785, 1.48824467338556, 0.606432119617553
-0.293849211329062, 0.44278750557093, -0.124069758540975, 1.17567965343883, 0.912518509835685
-1.13586740877982, 0.647150541428182, -0.81296140511011, -0.156108198836852, 0.251603183814198
2.01723657632283, 0.857788290661919, 2.11458662490526, -0.668152689321515, -1.15675559061667
1.66322868247499, 1.81384720349344, -1.57168267369776, -0.803974137861086, 1.03244811815395
0.815992237632178, -1.51419049292053, -0.369198829241368, -1.56908612308833, 1.16135724702244
-1.5515179784248, -0.566729777805215, -0.481936496086633, 0.0567555391001359, 0.349859478022724
2.40657153785467, 0.859886823271314, -0.0405091380981698, -0.0151053002112178, -0.281659145561741
1.60111723722163, -1.97256106090226, 0.861537119805612, -1.55423967547904, 0.213826490875859
-0.768785388290012, 1.17875483963688, -0.877176867521639, -0.442666864731385, 0.786626199559415
-0.64910568892801, -1.62632101705217, -2.24233187503428, 1.89804267967338, -2.33359579562148
2.03456334516566, -0.484487501577551, 0.611759762539666, 1.82911565133082, 0.86284372949413
1.62204199030462, -0.517760629042464, -1.08910603615066, -2.62849725261442, 0.75678427228643
2.77507954657324, 0.735168594751796, -1.91617471293564, 1.59621609740042, -1.30592237563943
-1.28319116191986, -0.127797428532342, 0.165405139174316, 1.07983700775536, -0.800465247162179
-0.516151326350326, -0.777558129492786, 0.532869683289269, 1.96656452727961, 0.261638962673809
-2.02059672072435, 0.406278360381095, 1.42305570710268, -1.42293803934553, 0.464916463029796
-0.185650700101645, 0.985225313384269, 0.404839608620325, 1.79850064003432, -0.00698035353733669
0.078742388454118, -1.62223043772041, 1.30288211716816, -1.01786942642063, -0.0731365621361747
0.0842270584921531, -0.995253920125914, 0.72539363523308, -1.14560742678925, -1.23256693934154
0.536489647243921, 0.336484321256987, 0.613106474014862, -0.919446141506469, 0.670224929642161
0.0792893642155087, 0.02143827087304, -1.05203890822954, 0.638527684389748, 0.908251504087885
-0.478130039309062, 0.990855464921237, -0.725708545402488, -1.08661029978974, 1.706628415324
-0.357156935681993, 1.43493840746358, -1.34844995241432, 0.765180134126281, -0.751101596075581
0.766389269309832, -0.0605332898929036, -0.235798977736535, 0.157939506411489, -0.750303006293652
-2.09584105551707, -2.2238247427393, -0.548629112683812, -0.980837101175377, -0.544049049586747
-0.872398999868523, -1.0779483220139, -0.249079421522292, -1.44320092742012, -1.92900898706254
0.036226657853558, -1.12702286474734, 0.00715616142033342, 1.96104350299911, 0.980075005546808
0.37512294113041, 1.82487309034245, 0.285830651570736, 1.92418206549695, -1.14816589111613
0.875148794119594, 1.06461340914538, 0.565804119513629, -0.342904964585262, -0.919016956209779
-0.342511862888083, -0.438523589497232, -1.0097364216021, 0.490620599070434, 0.198432345331772
1.68654094087943, -0.83721077698382, 0.17118127616125, 1.40974612298002, 1.3051486401465
0.0982413822970925, -0.0708236401282396, 0.446381395070938, 0.168370326500735, -1.42137545381329
-0.423255991234134, -0.570600265351186, 0.712668800532804, 2.37517929623966, -0.0565962021783439
0.863593691209192, -1.09624641490143, 0.180273951089692, 0.608927981378294, 1.62801770779241
-0.675089702127376, -0.490603534880034, -0.320072719701118, 0.078011822976775, 0.461935933626746
-0.16146623331929, 0.322080276570559, 0.469593790806721, 0.738110807528763, 1.02326762535558
1.00906516813431, 1.45113024327968, -1.08203913746755, -0.811414073088307, -0.625534771143413
0.361884565211572, -0.536998564619549, 1.08197763552291, -0.483042704892004, 0.0874617543273918
1.15998292394562, 0.754530835649161, -0.605842590121093, -1.85620686442848, 0.267380605881827
-0.244513712101864, 0.575661996854077, -0.818825490386453, 0.138648239240106, -0.0130961748458583
1.02502421549371, 0.0741794345992268, 0.629240611455813, -0.0859369131412995, -0.0669778955182559
0.753286560234544, -2.1036443474877, -0.0111148292676553, -1.15374948416034, 0.627214577228829
2.12581022628791, -0.245137247027767, -1.64212538749701, 0.437741959096162, 0.502274732970337
-0.401716161066263, 0.595462401336035, 0.886495029495999, -1.46655869441369, -1.62399178903728
0.20983527746108, 0.805689243294232, 0.126228228546761, -0.847455622588995, 0.912587872220043
0.716281552115019, -0.260173525048055, 0.291938660577042, 0.392381079591599, 1.1848411672606
-0.169729118205867, 0.156696734422368, -0.366402644610582, -0.00712596404451418, 0.467089729204381
0.990558045998387, 1.62044738826935, -1.87097201032564, 0.489138040274541, -0.0108643250951306
-0.608729689814372, -0.370050503869334, -0.854567600791411, -1.2231086740106, 0.859212040424661
0.046525834647463, 0.0662987294816569, 2.15571221780956, 0.903051159810835, 0.121135556599015
-1.43984421208502, 0.685814322545969, 0.650454586103714, 1.5330957703974, -0.74573704905153
-2.02946404174224, 0.144616470591387, 0.807378154708993, -0.0212481070473474, -0.932595411465651
-0.884292919494349, 0.623681373867401, -0.564121955051811, 1.9165780404069, 0.747647847001315
-1.68139400623753, -0.755810966623604, -1.44311610142477, 2.84965209197366, 1.16227454075145
-1.14679180642555, 0.0442877442428458, 0.0551437890643864, -0.423383584855088, -1.29856714680889
0.538078698864686, 1.20329555713894, -0.40263724089724, 2.29420255997015, -0.315452911719024
-1.27038687910341, -0.269905650833974, -0.923453363184057, -0.684566195012571, 0.0827141823653673
0.280946550688981, -0.464433929432701, -0.265069031504691, -1.17435565446119, -0.683199574051897
3.4696316871455, 1.2970356382211, -1.42849870996351, 1.18534891970445, 0.372737671567039
0.0547121677331587, -0.770704351285643, -1.13364912280382, -1.12998264147877, -0.373512234657443
0.483258446330846, -1.21958464217108, 0.478856491119764, 0.610454560834478, -1.92249464433223
-1.54502309519868, -0.0877003273316665, 1.57611197291156, -2.61553652691255, 0.748076628279212
0.270707667144367, 0.541537841970613, -1.0392413922111, 1.18966467069882, 1.21257563531825
0.428804937078419, -0.176582275147245, 2.29189249206456, -0.436078572475734, -1.12317350831026
-0.469367744584825, -0.0180695767244319, -1.14362024942069, -1.31444877399543, 1.20230860489972
-0.448807956794895, -0.942479416992454, -1.08087873727573, 1.4678629905405, -0.070290567765884
-0.0288030307163693, -1.44824124655704, -0.638200526514325, 0.304050513493974, 0.750728990551789
-0.551963623804521, 1.60925778639194, 0.719783575198432, -0.411910459380635, -0.27122177144413
-1.28779272528637, -0.39512191520371, -1.40681010487001, -0.947309976995235, 0.900416771615896
-1.34359937743242, -1.39435872811934, -0.159226406092718, 0.363870874589724, -0.140071322039026
3.13559803050324, 0.427487878164478, -0.955607841599339, -1.2099380328108, -0.36213528946181
-0.444895694941234, -1.27374346037845, -0.20350628873695, -0.726565448187459, -1.21315714651196
1.4212793152191, -1.14879714405383, -0.660891272080098, 0.446740395040588, -0.253558823610021
-1.31720667447028, -0.719050603207793, 0.846168177161275, 0.918139397219623, -1.09231498479598
1.16709687662733, -0.112949700088322, -0.423642486173123, 3.28574426596384, 0.973147606834212
-2.02112502536899, -0.183286485200662, 0.52178385521071, 1.43301613745779, 0.36190004522004
0.467863126060707, 0.141594955250079, -1.38860648931859, 0.0665346720358831, 0.628833610955413
-1.30248429089564, 0.149023771465232, 2.57970456940605, 0.014548661956479, 0.0446341182904747
0.612325270040553, 0.198584024788157, -0.0175675872989583, -0.260996179800214, -0.356696520135665
-0.477998658364325, 0.458381301702624, 0.671081360544333, 2.7243392546777, -1.04389392749064
-0.81965359916918, 0.714684821841743, -0.668650559289777, 0.490938372041121, 0.631254818785742
-0.539298467801028, -0.454971286434469, 0.761145160085535, 0.439443123865873, 0.704711969331828
-0.210737103351592, -3.00278961970691, 0.160335188252337, 0.49750565182661, -1.21310880761443
-0.355664301604939, -1.31078733125655, -0.757669051687541, -1.31088981823024, -0.785249661175531
-0.635764648954733, 1.22106642962965, -1.1864856151414, -0.590626554937742, 0.63542664146678
0.320432518588993, 0.341556750671778, -1.62999283036579, -2.52453235561284, -0.325854438729813
0.610609852178502, 1.54794195294596, 1.2528806152061, 0.129084841206413, 0.33494993901915
0.104809633026557, -0.011576246815012, -0.888803046576103, 0.940543820407725, 1.57195602055315
-1.06891820276867, 0.463167409661888, 0.363347164640956, -0.174643793129302, 1.37946189051701
-0.672027079268367, -0.0688482966737126, 0.215142257926585, -0.0293840980555937, -1.26421035154571
-1.01714981634967, -0.288727865065684, -1.7219895626673, -0.651792089346198, -0.0624162363081022
-0.0656071466947697, 1.09507422004238, -0.103435739488589, 0.530567982106636, 1.81455635512922
0.452137244882124, 0.656425362849271, 0.871657781169391, -0.255482445637844, -0.152669561987128
-1.19836157310701, 0.206440944484179, -0.76932595056477, 0.891888046333963, -0.41123461675573
0.222920373464784, 0.0756076765056929, 0.963295113924889, -1.79705949835136, 0.221651358408917
0.189136927037249, 0.70542474746917, 1.2625353392189, -0.0881564084348636, -0.328187507665535
0.325197861214233, 0.985358523978281, 1.3777133421604, 0.592260626530947, 0.203978102886624
0.215774352333455, -0.385666912791254, -0.597681813913498, -0.465061075362172, -1.0200784587275
1.59219839433123, 1.06666468223998, 0.986704081144208, -0.318399947752583, -0.399069817998251
1.63331183715486, -0.126772104512641, 0.517895094245387, -0.930506172338121, -0.442604353931034
-0.473408877791211, -0.39951293508369, 0.708744884649137, 0.0201437513282846, -0.172225319839009
-0.564003201590675, -0.414081891754842, -1.25745193292742, -0.896733157917611, 1.07151667093036
-0.375714522710347, -2.17304692346898, -1.85512055677081, -1.23171646415116, -0.13847681154407
-1.40847547851329, -0.196318755757921, -1.09374908398531, -0.386993066906847, 2.06920852088206
-0.0689932367968786, 1.45401075292794, 0.156922347502118, 0.867099532551687, 0.317589484284683
-2.19207790890065, 1.13505369066007, 0.800264342786448, 1.14501662136157, 0.240242959835548
-0.30041467223678, 1.69459985978274, 0.0822359225492142, 1.70929355502532, 1.20557921768671
-0.0952347282443725, -0.336315628023911, 0.507901732434683, -0.746519035859925, 0.168727237811303
1.20934519580763, -0.313425432513835, 0.444303709883275, -1.54935914841958, -0.841078385819996
0.20280566321955, -0.600975012095072, 1.11718856864671, -1.27528689553653, 0.244623837736733
-0.766368134695248, 0.496282897487469, 1.31444439045869, -0.653220784326175, 0.834126199742097
-1.9017123607362, -1.016298936569, -1.02829219810544, 0.976996713882347, -0.207115828455368
0.156681046694454, -1.0995384932105, -0.664950554970243, -0.0375015001656523, 0.583899762615656
1.01899256268056, 0.20069600874954, -1.19736133106294, 1.7525789399737, -1.28315510913652
0.709015396186821, -1.01340148073271, 1.81098839902388, -1.05130924705854, 0.715318108545553
1.01692375285198, 0.823509103921444, -0.00307379085506118, 1.13724299474739, 1.64756590572693
-0.309533628365018, -1.86762090678927, -0.164037236284259, 0.183919263596486, 1.22973960606892
1.75518056820408, -1.07973421959266, 0.749437620011255, -1.35945658056478, -0.120261987630122
0.277726847512555, 0.762975888864878, -1.67390611646493, -0.838071618354544, 1.31223437524455
0.033837122726867, 2.14632052379362, -0.0674187874835604, 1.06379803574067, -0.106674294433305
-1.08552610878302, -0.300590520665753, 1.04862553215429, -0.0965790194341343, -1.31369623055184
-0.922803356839143, 0.957466592997833, 0.477019932163925, -0.30330800993017, 0.313598093552548
0.326284770333393, -0.444294591820184, 1.02161868836013, 1.55484975279833, 1.03347710682345
-0.364527541903763, 0.54965510935255, -1.68646487397695, -0.590404026813776, -0.541997618856816
0.151291425942768, -0.575802174730081, 1.69363038145972, 1.18555958878484, 0.387680079707368
0.198748187973968, 0.580218067196971, 0.129803212436163, -0.603328519190169, 0.378504865950774
1.91232191482283, -0.593446105995103, 1.37428404153524, 0.505600448832871, -0.5822721329718
0.122973269055223, -1.14754901617292, 1.20809558429375, -1.0946859011411, -0.803476258170097
-0.950903909194113, 0.318404161030234, 0.0883383251140089, 1.37561008149657, -1.0524240216538
0.078944588479411, -0.0618691101520837, 0.860220580782939, 0.623293433308607, -0.838213441066728
0.226386851177134, -0.767877375980833, -0.716234578020624, 0.903963746478721, 1.69870505572971
2.46376393970033, -0.116461260420439, -0.29951627388887, -1.66004677567984, 0.855557235785099
0.397622149783889, 0.18685691425887, -0.689628685141077, 0.803748327939854, 0.557690961983412
-0.420236853577654, 1.98338586211184, 0.249951677322639, -0.293074465017602, -1.37141981518851
-0.879940023767085, 0.754056030766293, -0.561651944509999, -0.237107079153806, -1.41661877709907
-0.185311707126803, 0.578000579105509, 0.551404904088247, -0.101135980667239, 0.997612476734876
0.490759425588972, -0.165567579145245, -2.72460740925093, 0.749869788075296, 0.428193854885269
0.114559211360562, 0.653028358816638, 1.29121313719828, 0.197039065520492, -1.72802629669991
-0.839594603799552, 1.10190627881413, -1.14682652776538, -0.175024528596352, -0.785966801429601
-1.26451032071835, 0.436212563616503, 0.477976858410451, -0.714350643161037, 0.129917315476153
1.35935753123661, -1.68386033039912, 0.314634355232326, 0.155930361739645, 0.0772045314296081
0.566098614660426, 1.23447606005248, -1.7897628600356, -0.754341937073671, 2.80891359639121
0.0881112431134543, -0.837317125341952, 0.588625708972932, -1.05550420305154, 0.878994588005879
0.540716996179851, 2.07451522719618, 0.982855158309422, -1.14968098577885, 0.656746767458093
0.782066333553212, 0.325420526266405, 0.575923240454512, -0.940328132354287, 0.292207640737603
-1.09147667202721, -0.0161286562141564, 0.180131430307178, -0.77624537715346, 0.76207084066551
-0.280412353060558, -0.498034487795, -1.17553960859348, 0.687256027432278, -0.518888413323756
-0.248105728407773, -1.1436152762995, 0.2039632508938, -0.792662000897043, -0.720437243711116
1.52587891025475, 0.682201792997638, 0.500184869022214, 0.580163498173549, -0.254873573509635
0.81661531648453, 1.54083805368811, -1.89830738050432, 2.02650274191599, -0.204358448669515
-0.898059600756029, 0.461701936178856, 0.168640234711065, -1.18832177970849, -0.00892964103545841
0.61977550849289, -0.220034695425794, 0.0679715258624466, -0.849011614563189, -1.4100768297821
-0.67365101068266, -0.941748670654797, 2.20983473350598, 0.0581808537525538, 0.524448838979632
-1.3806064616025, 0.716807571699298, -2.49452964956087, 1.13778857109053, -0.611558377936257
0.177610555538997, 0.58629357244193, 1.79011508410756, -1.51849225943045, -2.50216722550219
-1.76094876494638, 0.892450802878026, -0.958807931036173, -0.952673035242987, 0.319049813878458
0.909791196333017, 0.501935166198774, 1.17816711624702, 0.927162516164595, -2.51318789731352
0.442670759304334, -0.0374836035005273, -0.638040047001197, 1.89805225351066, -1.74980711450548
-1.08238086884571, -0.778991762928802, 0.133231225301038, -0.0882133867427812, -0.174007316439865
0.20504746791696, 0.345260748566842, 1.07187804234373, 0.453752076409887, 0.955852178515944
-0.361134956090554, -1.10134580597586, 0.746629611148412, -1.69360848858404, 0.845451809481796
1.03625627230629, 0.116883951395262, -0.192624582603178, 0.0439343226064481, -0.637830587704301
1.56679939756349, -0.558739284278591, -1.12739055602097, 0.753699355277682, -1.06298376790684
-0.0246280073838335, 0.473679067640108, 2.07796608669471, -0.0974681660355348, -0.832131328029718
1.19035396320193, 0.774987446282055, 0.244373965007973, -0.0946711054819803, 0.400954157064489
-0.492252332465206, -0.465889344356262, -1.28902471423638, 0.382835017282803, 0.743982368558664
0.891860342752065, 0.0697857329193423, 1.03931486304072, -0.391703931603862, 0.0761937912182479
0.830690586244416, -1.5251119384707, -1.42997885255531, -1.44208394110055, 1.21680171772829
2.00347690199814, 1.60969710407088, 0.706279376204265, 0.127070750072587, -0.0113059046000477
0.817717945915791, -0.739956095830299, 0.460205293860205, 0.387195143189509, -0.242302514704183
-0.198320269225662, -0.0804678265904862, 0.728611247463659, -0.0731852817214548, 0.0763649335006835
0.789307327076581, 0.862254988387159, -0.106913200099771, 0.466317948217384, 1.92255795776444
-0.461114240369951, -0.571032910633555, -0.206386042387716, 0.453089336820506, 0.837663689904897
1.25289699041725, 0.901026856447435, -0.627339088764598, 0.956799718680944, 1.52754962142543
0.0319409570818674, -0.0169195400901424, -0.0264999477045773, 0.0414845411729001, -2.88395322674155
0.732553427450789, -0.288832715303594, 0.192100447391787, 1.0032332813619, -0.552939514082072
-0.974310000945287, 0.20155595112719, -0.148681911404057, -1.66563771111083, 2.11635459279289
-0.815380232637805, -0.641022273916443, -1.87754113474165, -0.738728911779075, -0.166061745713332
0.713107522933082, -0.229228806871276, 0.249072620508886, -0.864462690559593, 0.70321990820521
0.590898026859689, 0.101392257908932, -0.521744705660377, -0.297133427680806, 0.12392476934197
-0.432992857299194, -0.650429482164334, -0.373618416749603, 1.4012517501563, 0.768602889842607
-1.14022290801296, 1.04902868470974, -0.0853649212171911, 1.16701186084581, -1.2371909970942
-0.139750708492205, -0.498366058819888, 1.12185725915832, -1.37303935185885, -1.55460049369989
-0.206640255435301, -1.7209404347147, 0.500070046648262, 0.454969194732895, -0.86615970160553
1.21167064942331, -0.0389655991557343, -0.830145433281414, -0.681071076692635, 0.656672887841707
0.419495171690018, 0.859155830869121, 1.72840832137523, 1.65577755713111, -0.853278678927753
0.441687038864203, -0.170112416490262, -1.05254506876854, -1.01232474085542, 0.86673612723252
-1.23592322240586, 2.39643385680747, -0.606908637345105, 1.04529196817085, 0.969449344558515
0.350407315632754, 0.895398981300888, -0.623816144143233, -0.553097801603075, -0.377622498876094
1.21086340896731, -0.751095954983199, -0.984748627142072, 0.561907330050028, 0.187363282060141
1.8830130706253, 0.0015163011518823, -0.450033951691253, 1.45621318794541, 1.55147247707202
-1.93875373365695, 0.54503247128701, 1.66097297932142, -0.160616195920453, -0.294612816790439
0.31306162659551, 1.31394222471184, -1.11407429464477, -0.0473334131521971, 0.372530369578351
0.731292158488425, 0.0474447643008664, -0.100486798267939, -0.563830134409206, 0.101519006945927
0.588537810784948, 1.85131433471163, -0.123070990064618, -1.3977998424672, -0.776932747577398
-0.90743138938949, 1.21897379273997, 0.975060654310949, 1.00327719224353, -1.5176116141726
-1.11282862958622, 0.72535233582658, 0.125853044948729, 1.14618427591998, -1.11562615319803
-1.17281264191249, 0.47657393045052, -1.61615006817068, 1.02199737499602, -0.789621048094339
0.423954489634833, 0.706608766616706, -0.186528516663543, -0.408973353096819, 0.647990200768002
-0.713780994005798, -0.149395961469325, -0.00158368630939653, 1.00675310650492, 0.0311996819060976
1.6612686735276, 1.39666978258778, 0.798006767350154, -1.44758940714723, 0.163708163443573
0.848946702628637, 0.594578332672304, 0.0349591015570322, -2.55678881355472, 0.369948442415384
-1.22037300300543, 0.0346194369074985, -0.494169625678849, 0.447257344001266, 0.13009359496551
-0.901673249130355, -0.996054339012469, -0.170752285384097, -0.30914051805424, 1.70575775701454
-0.0195438291601856, -0.29871078225462, 0.526202953594261, 0.945110711303292, -0.632180591666093
1.87687704757772, -0.6227103364469, 0.116446343482429, 2.16126987093556, 0.864488452302234
-0.413831190896267, 0.0658157593851362, -0.622917830258946, 1.13085441624077, 0.318620046300819
-0.139357627381538, 0.310228861708076, -1.02553603924104, -0.300967726371259, 0.177035556004906
